
 <<<+-  parallelization init  -+>>>

 Open MPI v4.1.6, package: Debian OpenMPI, ident: 4.1.6, repo rev: v4.1.6, Sep 30, 2023
 MPI standard: 3.1
 OpenMP version: 201511

 MPI processes: 1
 Could not get $OMP_NUM_THREADS, using default
 OMP_NUM_THREADS: 4

 <<<+-  CLI init  -+>>>

     _/_/_/      _/_/    _/      _/    _/_/      _/_/_/  _/    _/    _/_/_/
    _/    _/  _/    _/  _/_/  _/_/  _/    _/  _/        _/  _/            _/
   _/    _/  _/_/_/_/  _/  _/  _/  _/_/_/_/    _/_/    _/_/          _/_/
  _/    _/  _/    _/  _/      _/  _/    _/        _/  _/  _/            _/
 _/_/_/    _/    _/  _/      _/  _/    _/  _/_/_/    _/    _/    _/_/_/
 Grid solver

 F. Roters et al., Computational Materials Science 158:420–478, 2019
 https://doi.org/10.1016/j.commatsci.2018.04.030

 S. Balay et al., PETSc/TAO User Manual Revision 3.19
 https://doi.org/10.2172/1968587

 Version: v3.0.1

 Compiled with: GCC version 13.3.0
 Compiled on: Linux-6.8.0-51-generic
 Compiler options: -cpp -I /usr/lib/petscdir/petsc3.19/x86_64-linux-gnu-real/include -I /usr/include/hypre -I /usr/include/suitesparse -I /usr/include/superlu -I /usr/include/superlu-dist -I /usr/include/trilinos -I /usr/include/scotch -I /usr/include/hdf5/openmpi -I /usr/include/hdf5/serial -I /usr/include -I /usr/lib/x86_64-linux-gnu/openmpi/lib/../../fortran/gfortran-mod-15/openmpi -I /usr/lib/x86_64-linux-gnu/openmpi/lib -imultiarch x86_64-linux-gnu -D_REENTRANT -D CMAKE_SYSTEM="Linux-6.8.0-51-generic" -D DAMASKVERSION="v3.0.1" -D FYAML -D GRID -D PETSC --param=l1-cache-size=32 --param=l1-cache-line-size=64 --param=l2-cache-size=512 -mtune=znver2 -mno-omit-leaf-frame-pointer -march=x86-64 -g -O2 -O2 -Wall -Wextra -Wcharacter-truncation -Wunderflow -Wsuggest-attribute=pure -Wsuggest-attribute=noreturn -Wconversion-extra -Wunused-parameter -std=f2018 -fno-omit-frame-pointer -ffile-prefix-map=/build/damask-XEckOy/damask-3.0.1=. -flto=auto -ffat-lto-objects -fstack-protector-strong -fstack-clash-protection -fcf-protection=full -fdebug-prefix-map=/build/damask-XEckOy/damask-3.0.1=/usr/src/damask-3.0.1-6~noble -fopenmp -fPIE -ffree-line-length-none -fimplicit-none -fallow-argument-mismatch -ffpe-summary=all -fpre-include=/usr/include/finclude/x86_64-linux-gnu/math-vector-fortran.h

 Compiled on: Jan 14 2025 at 07:40:31

 PETSc version: 3.19.6

 Date: 14/11/2025
 Time: 20:07:16

 Host name: UT170340
 User name: vincent

 Command line call:      DAMASK_grid --geom /home/vincent/local_Homogenization_for_Damask/projects/template_uniaxial_after_preloading/input_files/Polycrystal_25_5x5x5.vti --load /home/vincent/local_Homogenization_for_Damask/projects/template_uniaxial_after_preloading/results/load_path/load_path_2025-11-14_20-07-10/damask_files/LOADCASE.yaml --material /home/vincent/local_Homogenization_for_Damask/projects/template_uniaxial_after_preloading/input_files/titanium_assigned.yaml --numerics /home/vincent/local_Homogenization_for_Damask/projects/template_uniaxial_after_preloading/results/load_path/load_path_2025-11-14_20-07-10/damask_files/NUMERICS.yaml --jobname template_uniaxial_after_preloading --workingdirectory /home/vincent/local_Homogenization_for_Damask/projects/template_uniaxial_after_preloading/results/load_path/load_path_2025-11-14_20-07-10/damask_files --restart 45

 Working directory:      /home/vincent/local_Homogenization_for_Damask/projects/template_uniaxial_after_preloading/results/load_path/load_path_2025-11-14_20-07-10/damask_files
 Geometry:               ../../../../input_files/Polycrystal_25_5x5x5.vti <-- /home/vincent/local_Homogenization_for_Damask/projects/template_uniaxial_after_preloading/input_files/Polycrystal_25_5x5x5.vti
 Load case:              LOADCASE.yaml <-- /home/vincent/local_Homogenization_for_Damask/projects/template_uniaxial_after_preloading/results/load_path/load_path_2025-11-14_20-07-10/damask_files/LOADCASE.yaml
 Material config:        ../../../../input_files/titanium_assigned.yaml <-- /home/vincent/local_Homogenization_for_Damask/projects/template_uniaxial_after_preloading/input_files/titanium_assigned.yaml
 Numerics config:        NUMERICS.yaml <-- /home/vincent/local_Homogenization_for_Damask/projects/template_uniaxial_after_preloading/results/load_path/load_path_2025-11-14_20-07-10/damask_files/NUMERICS.yaml
 Solver job name:        template_uniaxial_after_preloading
 Restart from increment: 000045

 <<<+-  system_routines init  -+>>>

 <<<+-  prec init  -+>>>

 integer size / bit:   32
   maximum value:              2147483647

 real size / bit:      64
   maximum value:      0.180+309
   minimum value:      0.223-307
   epsilon value:      0.222E-15
   decimal precision:  15

 <<<+-  misc init  -+>>>

 <<<+-  IO init  -+>>>

 <<<+-  base64 init  -+>>>

 <<<+-  types init  -+>>>

 <<<+-  YAML init  -+>>>

 libfyaml powered

 <<<+-  HDF5_utilities init  -+>>>

 <<<+-  result init  -+>>>

 M. Diehl et al., Integrating Materials and Manufacturing Innovation 6(1):83–91, 2017
 https://doi.org/10.1007/s40192-017-0084-5

 <<<+-  config init  -+>>>

 reading material configuration

 reading numerics configuration

 <<<+-  math init  -+>>>

 size  of random seed:      8
 value of random seed:        693762370  1239315904  -625392785    89130774 -1337830362  -326054179 -2000228711  1897228473
 start of random sequence: 
                           0.00679340840731
                           0.68555285415280
                           0.25258396452615
                           0.24760577780480

 <<<+-  rotations init  -+>>>

 D. Rowenhorst et al., Modelling and Simulation in Materials Science and Engineering 23:083501, 2015
 https://doi.org/10.1088/0965-0393/23/8/083501

 <<<+-  polynomials init  -+>>>

 <<<+-  tables init  -+>>>

 <<<+-  crystal init  -+>>>

 <<<+-  discretization_grid init  -+>>>

 cells:  5 × 5 × 5
 size:   1.00E-05 × 1.00E-05 × 1.00E-05 m³
 origin:  0.00E+00  0.00E+00  0.00E+00 m

 <<<+-  discretization init  -+>>>

 <<<+-  material init  -+>>>

 parsed material.yaml

 <<<+-  phase init  -+>>>

 phase 1: A

 references:
   - https://www.totalmateria.com/page.aspx?ID=CheckArticle&site=ktn&NM=221
   - https://en.wikipedia.org/wiki/Titanium

 <<<+-  phase:mechanical init  -+>>>

 <<<+-  phase:mechanical:elastic init  -+>>>

 <<<+-  phase:mechanical:elastic:Hooke init  -+>>>

 # phases: 1

 phase 1: A

 references:
   - E.S. Fisher and C.J. Renken, Physical Review 135(2A):A482-A494, 1964,
     https://doi.org/10.1103/PhysRev.135.A482, fit to Tab. IV (T_min=77K, 
     T_max=923K) 

 <<<+-  phase:mechanical:plasticity init  -+>>>

 <<<+-  phase:mechanical:plastic:phenopowerlaw init  -+>>>

 # phases: 1

 phase 1: A

 references:
   - C. Zambaldi et al., Journal of Materials Research 27(1):356-367, 2021,
     https://doi.org/10.1557/jmr.2011.334 
   - L. Wang et al., Acta Materialia 132:598-610, 2017,
     https://doi.org/10.1016/j.actamat.2017.05.015 

 <<<+-  phase:mechanical:eigen init  -+>>>

 <<<+-  phase:damage init  -+>>>

 <<<+-  phase:thermal init  -+>>>

 <<<+-  homogenization init  -+>>>

 <<<+-  homogenization:mechanical init  -+>>>

 <<<+-  homogenization:mechanical:pass init  -+>>>

 # homogenizations: 1

 <<<+-  homogenization:thermal init  -+>>>

 <<<+-  homogenization:damage init  -+>>>

 <<<+-  homogenization:damage:pass init  -+>>>

 <<<+-  materialpoint init  -+>>>

 loading restart information of increment 45

 deallocating material configuration

 <<<+-  DAMASK_grid init  -+>>>

 P. Shanthraj et al., Handbook of Mechanics of Materials, 2019
 https://doi.org/10.1007/978-981-10-6855-3_80

 <<<+-  spectral_utilities init  -+>>>

 M. Diehl, Diploma Thesis TU München, 2010
 https://doi.org/10.13140/2.1.3234.3840

 P. Eisenlohr et al., International Journal of Plasticity 46:37–53, 2013
 https://doi.org/10.1016/j.ijplas.2012.09.012

 P. Shanthraj et al., International Journal of Plasticity 66:31–45, 2015
 https://doi.org/10.1016/j.ijplas.2014.02.006

 P. Shanthraj et al., Handbook of Mechanics of Materials, 2019
 https://doi.org/10.1007/978-981-10-6855-3_80

 M. Frigo and S.G. Johnson, Proceedings of the IEEE 93(2):216–231, 2005
 https://doi.org/10.1109/jproc.2004.840301

 FFTW initialized

 <<<+-  grid_mechanical_spectral_basic init  -+>>>

 P. Eisenlohr et al., International Journal of Plasticity 46:37–53, 2013
 https://doi.org/10.1016/j.ijplas.2012.09.012

 P. Shanthraj et al., International Journal of Plasticity 66:31–45, 2015
 https://doi.org/10.1016/j.ijplas.2014.02.006

 loading restart data of increment 45

 ... evaluating constitutive response ......................................

 Piola--Kirchhoff stress       / MPa =
        0.0000         0.0000         0.0000
        0.0000         0.0000        -0.0000
       -0.0000         0.0000         0.0000
 loading additional restart data of increment 45

 deallocating numerics configuration

 load case: 1
  estimate_rate: F
  F:
       x             x             x      
     0.0000000       x             x      
     0.0000000     0.0000000       x      
  P / MPa:
      600.0000        0.0000        0.0000
       x              0.0000        0.0000
       x             x              0.0000
  r: 1 (constant step width)
  t: 1000.000
  N: 15
  f_out: 1
  f_restart: 1

 load case: 2
  estimate_rate: T
  F:
       x             x             x      
     0.0000000       x             x      
     0.0000000     0.0000000       x      
  P / MPa:
        0.0000        0.0000        0.0000
       x            400.0000        0.0000
       x             x              0.0000
  r: 1 (constant step width)
  t: 1000.000
  N: 15
  f_out: 1
  f_restart: 1

 load case: 3
  estimate_rate: T
  F:
       x             x             x      
     0.0000000       x             x      
     0.0000000     0.0000000       x      
  P / MPa:
        0.0000        0.0000        0.0000
       x              0.0000        0.0000
       x             x              0.0000
  r: 1 (constant step width)
  t: 1000.000
  N: 15
  f_out: 1
  f_restart: 1

 load case: 4
  estimate_rate: T
  F:
       x             x             x      
     0.0000000       x             x      
     0.0000000     0.0000000       x      
  P / MPa:
      700.0000        0.0000        0.0000
       x              0.0000        0.0000
       x             x              0.0000
  r: 1 (constant step width)
  t: 1000.000
  N: 15
  f_out: 1
  f_restart: 1

 ###########################################################################
 Time  3.06667E+03s: Increment 1/15-1/1 of load case 4/4
 Increment 46/60-1/1 @ Iteration 1≤0≤100

 deformation gradient aim       =
   1.0086395   -0.0006819   -0.0009278
   0.0000000    0.9957874   -0.0021332
   0.0000000    0.0000000    0.9955367

 ... evaluating constitutive response ......................................

 Piola--Kirchhoff stress       / MPa =
       -0.0008        -0.0000        -0.0020
       -0.0180       -26.6278        -0.0013
       -0.0020        -0.0013         0.0011

 ... doing gamma convolution ...............................................

 ... reporting .............................................................

 error divergence =         9.26 (1.23E+05 / m, tol =  1.33E+04)
 error stress BC  =      1752.58 (4.67E+07 Pa,  tol =  2.66E+04)

 ===========================================================================
 Increment 46/60-1/1 @ Iteration 1≤1≤100

 deformation gradient aim       =
   1.0089757   -0.0006809   -0.0009260
   0.0000000    0.9958757   -0.0021383
   0.0000000    0.0000000    0.9953436

 ... evaluating constitutive response ......................................

 Piola--Kirchhoff stress       / MPa =
       46.7892         0.0254         0.0025
        0.0298        -0.0014         0.0003
        0.0058         0.0037        -0.0917

 ... doing gamma convolution ...............................................

 ... evaluating constitutive response ......................................

 Piola--Kirchhoff stress       / MPa =
       45.1059         0.0241         0.0024
        0.0276        -0.9584         0.0003
        0.0055         0.0036        -0.0865

 ... doing gamma convolution ...............................................

 ... reporting .............................................................

 error divergence =       377.52 (8.51E+06 / m, tol =  2.26E+04)
 error stress BC  =        34.60 (1.56E+06 Pa,  tol =  4.51E+04)

 ===========================================================================
 Increment 46/60-1/1 @ Iteration 1≤2≤100

 deformation gradient aim       =
   1.0089852   -0.0006820   -0.0009261
   0.0000000    0.9958792   -0.0021384
   0.0000000    0.0000000    0.9953388

 ... evaluating constitutive response ......................................

 Piola--Kirchhoff stress       / MPa =
       46.2152         0.0392         0.0534
        0.0388        -0.0319         0.0278
        0.0532         0.0285         0.4027

 ... doing gamma convolution ...............................................

 ... evaluating constitutive response ......................................

 Piola--Kirchhoff stress       / MPa =
       46.9342         0.0395         0.0522
        0.0395         0.3691         0.0271
        0.0522         0.0279         0.3876

 ... doing gamma convolution ...............................................

 ... reporting .............................................................

 error divergence =        52.42 (1.23E+06 / m, tol =  2.35E+04)
 error stress BC  =         8.26 (3.88E+05 Pa,  tol =  4.69E+04)

 ===========================================================================
 Increment 46/60-1/1 @ Iteration 1≤3≤100

 deformation gradient aim       =
   1.0089900   -0.0006838   -0.0009284
   0.0000000    0.9958777   -0.0021397
   0.0000000    0.0000000    0.9953326

 ... evaluating constitutive response ......................................

 Piola--Kirchhoff stress       / MPa =
       46.6611         0.0024         0.0020
        0.0023        -0.0094         0.0007
        0.0020         0.0008         0.0218

 ... doing gamma convolution ...............................................

 ... evaluating constitutive response ......................................

 Piola--Kirchhoff stress       / MPa =
       46.6956         0.0031         0.0037
        0.0030         0.0193         0.0015
        0.0036         0.0016         0.0366

 ... doing gamma convolution ...............................................

 ... reporting .............................................................

 error divergence =         7.53 (1.76E+05 / m, tol =  2.33E+04)
 error stress BC  =         0.78 (3.66E+04 Pa,  tol =  4.67E+04)

 ===========================================================================
 Increment 46/60-1/1 @ Iteration 1≤4≤100

 deformation gradient aim       =
   1.0089899   -0.0006839   -0.0009285
   0.0000000    0.9958779   -0.0021397
   0.0000000    0.0000000    0.9953322

 ... evaluating constitutive response ......................................

 Piola--Kirchhoff stress       / MPa =
       46.6674         0.0007         0.0006
        0.0007        -0.0006        -0.0010
        0.0006        -0.0010        -0.0003

 ... doing gamma convolution ...............................................

 ... evaluating constitutive response ......................................

 Piola--Kirchhoff stress       / MPa =
       46.6627         0.0002        -0.0001
        0.0002        -0.0063        -0.0013
       -0.0001        -0.0013        -0.0052

 ... doing gamma convolution ...............................................

 ... reporting .............................................................

 error divergence =         1.01 (2.35E+04 / m, tol =  2.33E+04)
 error stress BC  =         0.13 (6.28E+03 Pa,  tol =  4.67E+04)

 ===========================================================================
 Increment 46/60-1/1 @ Iteration 1≤5≤100

 deformation gradient aim       =
   1.0089899   -0.0006840   -0.0009285
   0.0000000    0.9958779   -0.0021397
   0.0000000    0.0000000    0.9953322

 ... evaluating constitutive response ......................................

 Piola--Kirchhoff stress       / MPa =
       46.6667        -0.0000         0.0002
       -0.0000        -0.0001        -0.0001
        0.0002        -0.0001        -0.0000

 ... doing gamma convolution ...............................................

 ... evaluating constitutive response ......................................

 Piola--Kirchhoff stress       / MPa =
       46.6660        -0.0001         0.0001
       -0.0001        -0.0006        -0.0001
        0.0001        -0.0001        -0.0009

 ... doing gamma convolution ...............................................

 ... reporting .............................................................

 error divergence =         0.14 (3.36E+03 / m, tol =  2.33E+04)
 error stress BC  =         0.02 (8.94E+02 Pa,  tol =  4.67E+04)

 ===========================================================================

 increment 46 converged

 ... saving results ........................................................
 saving solver data required for restart
 saving field and constitutive data required for restart

 ###########################################################################
 Time  3.13333E+03s: Increment 2/15-1/1 of load case 4/4
 Increment 47/60-1/1 @ Iteration 1≤0≤100

 deformation gradient aim       =
   1.0094220   -0.0006879   -0.0009312
   0.0000000    0.9957355   -0.0021462
   0.0000000    0.0000000    0.9951979

 ... evaluating constitutive response ......................................

 Piola--Kirchhoff stress       / MPa =
       95.9508        -0.1338        -0.1184
       -0.1307         1.1739        -0.0546
       -0.1172        -0.0557        -0.6482

 ... doing gamma convolution ...............................................

 ... reporting .............................................................

 error divergence =        12.58 (6.04E+05 / m, tol =  4.80E+04)
 error stress BC  =        27.28 (2.62E+06 Pa,  tol =  9.60E+04)

 ===========================================================================
 Increment 47/60-1/1 @ Iteration 1≤1≤100

 deformation gradient aim       =
   1.0094006   -0.0006848   -0.0009287
   0.0000000    0.9957316   -0.0021447
   0.0000000    0.0000000    0.9952132

 ... evaluating constitutive response ......................................

 Piola--Kirchhoff stress       / MPa =
       93.2970         0.0050         0.0054
        0.0047        -0.0031         0.0027
        0.0052         0.0025         0.0284

 ... doing gamma convolution ...............................................

 ... evaluating constitutive response ......................................

 Piola--Kirchhoff stress       / MPa =
       93.5110        -0.0061        -0.0046
       -0.0062         0.0918        -0.0019
       -0.0046        -0.0022        -0.0262

 ... doing gamma convolution ...............................................

 ... reporting .............................................................

 error divergence =        11.37 (5.32E+05 / m, tol =  4.68E+04)
 error stress BC  =         1.90 (1.78E+05 Pa,  tol =  9.35E+04)

 ===========================================================================
 Increment 47/60-1/1 @ Iteration 1≤2≤100

 deformation gradient aim       =
   1.0093996   -0.0006848   -0.0009287
   0.0000000    0.9957313   -0.0021447
   0.0000000    0.0000000    0.9952138

 ... evaluating constitutive response ......................................

 Piola--Kirchhoff stress       / MPa =
       93.3622        -0.0047        -0.0052
       -0.0046         0.0013        -0.0023
       -0.0051        -0.0024        -0.0250

 ... doing gamma convolution ...............................................

 ... evaluating constitutive response ......................................

 Piola--Kirchhoff stress       / MPa =
       93.3249        -0.0026        -0.0033
       -0.0026        -0.0149        -0.0015
       -0.0033        -0.0015        -0.0150

 ... doing gamma convolution ...............................................

 ... reporting .............................................................

 error divergence =         1.80 (8.41E+04 / m, tol =  4.67E+04)
 error stress BC  =         0.16 (1.50E+04 Pa,  tol =  9.33E+04)

 ===========================================================================
 Increment 47/60-1/1 @ Iteration 1≤3≤100

 deformation gradient aim       =
   1.0093993   -0.0006846   -0.0009285
   0.0000000    0.9957314   -0.0021446
   0.0000000    0.0000000    0.9952141

 ... evaluating constitutive response ......................................

 Piola--Kirchhoff stress       / MPa =
       93.3343        -0.0003        -0.0003
       -0.0003         0.0006        -0.0002
       -0.0003        -0.0002        -0.0019

 ... doing gamma convolution ...............................................

 ... evaluating constitutive response ......................................

 Piola--Kirchhoff stress       / MPa =
       93.3315        -0.0003        -0.0004
       -0.0003        -0.0012        -0.0002
       -0.0003        -0.0002        -0.0020

 ... doing gamma convolution ...............................................

 ... reporting .............................................................

 error divergence =         0.24 (1.13E+04 / m, tol =  4.67E+04)
 error stress BC  =         0.02 (2.04E+03 Pa,  tol =  9.33E+04)

 ===========================================================================

 increment 47 converged

 ... saving results ........................................................
 saving solver data required for restart
 saving field and constitutive data required for restart

 ###########################################################################
 Time  3.20000E+03s: Increment 3/15-1/1 of load case 4/4
 Increment 48/60-1/1 @ Iteration 1≤0≤100

 deformation gradient aim       =
   1.0098086   -0.0006853   -0.0009285
   0.0000000    0.9955848   -0.0021495
   0.0000000    0.0000000    0.9950961

 ... evaluating constitutive response ......................................

 Piola--Kirchhoff stress       / MPa =
      138.4382         0.0884         0.0688
        0.0864        -0.6843         0.0377
        0.0682         0.0385         0.4344

 ... doing gamma convolution ...............................................

 ... reporting .............................................................

 error divergence =         5.92 (4.09E+05 / m, tol =  6.92E+04)
 error stress BC  =        11.28 (1.56E+06 Pa,  tol =  1.38E+05)

 ===========================================================================
 Increment 48/60-1/1 @ Iteration 1≤1≤100

 deformation gradient aim       =
   1.0098215   -0.0006874   -0.0009299
   0.0000000    0.9955871   -0.0021505
   0.0000000    0.0000000    0.9950866

 ... evaluating constitutive response ......................................

 Piola--Kirchhoff stress       / MPa =
      140.0185        -0.0025        -0.0053
       -0.0023         0.0045        -0.0008
       -0.0052        -0.0007        -0.0170

 ... doing gamma convolution ...............................................

 ... evaluating constitutive response ......................................

 Piola--Kirchhoff stress       / MPa =
      139.8986         0.0044         0.0003
        0.0045        -0.0476         0.0021
        0.0004         0.0023         0.0173

 ... doing gamma convolution ...............................................

 ... reporting .............................................................

 error divergence =         4.75 (3.32E+05 / m, tol =  6.99E+04)
 error stress BC  =         0.72 (1.01E+05 Pa,  tol =  1.40E+05)

 ===========================================================================
 Increment 48/60-1/1 @ Iteration 1≤2≤100

 deformation gradient aim       =
   1.0098221   -0.0006874   -0.0009298
   0.0000000    0.9955872   -0.0021506
   0.0000000    0.0000000    0.9950863

 ... evaluating constitutive response ......................................

 Piola--Kirchhoff stress       / MPa =
      139.9816         0.0031         0.0028
        0.0031        -0.0002         0.0017
        0.0028         0.0018         0.0155

 ... doing gamma convolution ...............................................

 ... evaluating constitutive response ......................................

 Piola--Kirchhoff stress       / MPa =
      140.0051         0.0017         0.0016
        0.0017         0.0101         0.0011
        0.0016         0.0011         0.0085

 ... doing gamma convolution ...............................................

 ... reporting .............................................................

 error divergence =         0.74 (5.17E+04 / m, tol =  7.00E+04)
 error stress BC  =         0.07 (1.01E+04 Pa,  tol =  1.40E+05)

 ===========================================================================

 increment 48 converged

 ... saving results ........................................................
 saving solver data required for restart
 saving field and constitutive data required for restart

 ###########################################################################
 Time  3.26667E+03s: Increment 4/15-1/1 of load case 4/4
 Increment 49/60-1/1 @ Iteration 1≤0≤100

 deformation gradient aim       =
   1.0102454   -0.0006904   -0.0009313
   0.0000000    0.9954430   -0.0021567
   0.0000000    0.0000000    0.9949580

 ... evaluating constitutive response ......................................

 Piola--Kirchhoff stress       / MPa =
      186.5698        -0.0189        -0.0634
       -0.0175         0.6576         0.0319
       -0.0622         0.0319        -0.0499

 ... doing gamma convolution ...............................................

 ... reporting .............................................................

 error divergence =        29.34 (2.74E+06 / m, tol =  9.33E+04)
 error stress BC  =         3.52 (6.58E+05 Pa,  tol =  1.87E+05)

 ===========================================================================
 Increment 49/60-1/1 @ Iteration 1≤1≤100

 deformation gradient aim       =
   1.0102482   -0.0006900   -0.0009300
   0.0000000    0.9954369   -0.0021574
   0.0000000    0.0000000    0.9949598

 ... evaluating constitutive response ......................................

 Piola--Kirchhoff stress       / MPa =
      186.5211        -0.0032        -0.0243
       -0.0027         0.1280         0.0062
       -0.0238         0.0062         0.0111

 ... doing gamma convolution ...............................................

 ... evaluating constitutive response ......................................

 Piola--Kirchhoff stress       / MPa =
      186.5021         0.0025        -0.0105
        0.0026        -0.0607        -0.0030
       -0.0102        -0.0029         0.0328

 ... doing gamma convolution ...............................................

 ... reporting .............................................................

 error divergence =         5.74 (5.35E+05 / m, tol =  9.33E+04)
 error stress BC  =         0.88 (1.65E+05 Pa,  tol =  1.87E+05)

 ===========================================================================
 Increment 49/60-1/1 @ Iteration 1≤2≤100

 deformation gradient aim       =
   1.0102513   -0.0006900   -0.0009292
   0.0000000    0.9954354   -0.0021575
   0.0000000    0.0000000    0.9949588

 ... evaluating constitutive response ......................................

 Piola--Kirchhoff stress       / MPa =
      186.6637        -0.0029        -0.0029
       -0.0027         0.0157        -0.0009
       -0.0029        -0.0009        -0.0101

 ... doing gamma convolution ...............................................

 ... evaluating constitutive response ......................................

 Piola--Kirchhoff stress       / MPa =
      186.6628        -0.0020        -0.0003
       -0.0019        -0.0177        -0.0025
       -0.0003        -0.0025        -0.0067

 ... doing gamma convolution ...............................................

 ... reporting .............................................................

 error divergence =         1.41 (1.31E+05 / m, tol =  9.33E+04)
 error stress BC  =         0.10 (1.77E+04 Pa,  tol =  1.87E+05)

 ===========================================================================
 Increment 49/60-1/1 @ Iteration 1≤3≤100

 deformation gradient aim       =
   1.0102513   -0.0006899   -0.0009291
   0.0000000    0.9954354   -0.0021575
   0.0000000    0.0000000    0.9949589

 ... evaluating constitutive response ......................................

 Piola--Kirchhoff stress       / MPa =
      186.6650         0.0001         0.0000
        0.0002        -0.0003        -0.0007
        0.0000        -0.0007         0.0014

 ... doing gamma convolution ...............................................

 ... evaluating constitutive response ......................................

 Piola--Kirchhoff stress       / MPa =
      186.6722         0.0002         0.0005
        0.0002         0.0042        -0.0004
        0.0005        -0.0004         0.0009

 ... doing gamma convolution ...............................................

 ... reporting .............................................................

 error divergence =         0.34 (3.22E+04 / m, tol =  9.33E+04)
 error stress BC  =         0.03 (5.52E+03 Pa,  tol =  1.87E+05)

 ===========================================================================

 increment 49 converged

 ... saving results ........................................................
 saving solver data required for restart
 saving field and constitutive data required for restart

 ###########################################################################
 Time  3.33333E+03s: Increment 5/15-1/1 of load case 4/4
 Increment 50/60-1/1 @ Iteration 1≤0≤100

 deformation gradient aim       =
   1.0106801   -0.0006923   -0.0009284
   0.0000000    0.9952836   -0.0021642
   0.0000000    0.0000000    0.9948318

 ... evaluating constitutive response ......................................

 Piola--Kirchhoff stress       / MPa =
      231.6170         0.0474        -0.0926
        0.0493         1.9998         0.0790
       -0.0913         0.0809         0.0705

 ... doing gamma convolution ...............................................

 ... reporting .............................................................

 error divergence =        67.14 (7.78E+06 / m, tol =  1.16E+05)
 error stress BC  =         8.63 (2.00E+06 Pa,  tol =  2.32E+05)

 ===========================================================================
 Increment 50/60-1/1 @ Iteration 1≤1≤100

 deformation gradient aim       =
   1.0107027   -0.0006936   -0.0009263
   0.0000000    0.9952602   -0.0021663
   0.0000000    0.0000000    0.9948317

 ... evaluating constitutive response ......................................

 Piola--Kirchhoff stress       / MPa =
      232.6289        -0.0052        -0.0700
       -0.0033         0.6714        -0.0018
       -0.0688        -0.0007         0.0086

 ... doing gamma convolution ...............................................

 ... evaluating constitutive response ......................................

 Piola--Kirchhoff stress       / MPa =
      233.3562        -0.0433        -0.0531
       -0.0415        -0.2923        -0.0623
       -0.0522        -0.0617        -0.0371

 ... doing gamma convolution ...............................................

 ... reporting .............................................................

 error divergence =        19.67 (2.29E+06 / m, tol =  1.17E+05)
 error stress BC  =         1.25 (2.92E+05 Pa,  tol =  2.33E+05)

 ===========================================================================
 Increment 50/60-1/1 @ Iteration 1≤2≤100

 deformation gradient aim       =
   1.0107102   -0.0006926   -0.0009235
   0.0000000    0.9952545   -0.0021651
   0.0000000    0.0000000    0.9948311

 ... evaluating constitutive response ......................................

 Piola--Kirchhoff stress       / MPa =
      233.2621        -0.0115        -0.0084
       -0.0108         0.0898        -0.0083
       -0.0086        -0.0083        -0.0157

 ... doing gamma convolution ...............................................

 ... evaluating constitutive response ......................................

 Piola--Kirchhoff stress       / MPa =
      233.3565        -0.0124         0.0011
       -0.0118         0.0036        -0.0095
        0.0007        -0.0096        -0.0195

 ... doing gamma convolution ...............................................

 ... reporting .............................................................

 error divergence =         6.43 (7.50E+05 / m, tol =  1.17E+05)
 error stress BC  =         0.10 (2.32E+04 Pa,  tol =  2.33E+05)

 ===========================================================================
 Increment 50/60-1/1 @ Iteration 1≤3≤100

 deformation gradient aim       =
   1.0107108   -0.0006920   -0.0009234
   0.0000000    0.9952534   -0.0021647
   0.0000000    0.0000000    0.9948315

 ... evaluating constitutive response ......................................

 Piola--Kirchhoff stress       / MPa =
      233.3403        -0.0038        -0.0044
       -0.0036        -0.0102        -0.0087
       -0.0045        -0.0087         0.0021

 ... doing gamma convolution ...............................................

 ... evaluating constitutive response ......................................

 Piola--Kirchhoff stress       / MPa =
      233.3301         0.0034        -0.0010
        0.0033         0.0199        -0.0026
       -0.0011        -0.0025         0.0135

 ... doing gamma convolution ...............................................

 ... reporting .............................................................

 error divergence =         2.11 (2.46E+05 / m, tol =  1.17E+05)
 error stress BC  =         0.09 (1.99E+04 Pa,  tol =  2.33E+05)

 ===========================================================================
 Increment 50/60-1/1 @ Iteration 1≤4≤100

 deformation gradient aim       =
   1.0107109   -0.0006920   -0.0009232
   0.0000000    0.9952534   -0.0021644
   0.0000000    0.0000000    0.9948314

 ... evaluating constitutive response ......................................

 Piola--Kirchhoff stress       / MPa =
      233.3340        -0.0005        -0.0001
       -0.0004         0.0007        -0.0008
       -0.0002        -0.0008        -0.0009

 ... doing gamma convolution ...............................................

 ... evaluating constitutive response ......................................

 Piola--Kirchhoff stress       / MPa =
      233.3328         0.0001        -0.0001
        0.0001        -0.0031         0.0003
       -0.0001         0.0003        -0.0015

 ... doing gamma convolution ...............................................

 ... reporting .............................................................

 error divergence =         0.59 (6.92E+04 / m, tol =  1.17E+05)
 error stress BC  =         0.01 (3.15E+03 Pa,  tol =  2.33E+05)

 ===========================================================================

 increment 50 converged

 ... saving results ........................................................
 saving solver data required for restart
 saving field and constitutive data required for restart

 ###########################################################################
 Time  3.40000E+03s: Increment 6/15-1/1 of load case 4/4
 Increment 51/60-1/1 @ Iteration 1≤0≤100

 deformation gradient aim       =
   1.0111704   -0.0006941   -0.0009173
   0.0000000    0.9950715   -0.0021714
   0.0000000    0.0000000    0.9947040

 ... evaluating constitutive response ......................................

 Piola--Kirchhoff stress       / MPa =
      276.3537         0.3007         0.0197
        0.2974         3.7572         0.0957
        0.0210         0.1004         0.1973

 ... doing gamma convolution ...............................................

 ... reporting .............................................................

 error divergence =        53.20 (7.35E+06 / m, tol =  1.38E+05)
 error stress BC  =        13.60 (3.76E+06 Pa,  tol =  2.76E+05)

 ===========================================================================
 Increment 51/60-1/1 @ Iteration 1≤1≤100

 deformation gradient aim       =
   1.0112206   -0.0007022   -0.0009178
   0.0000000    0.9950227   -0.0021743
   0.0000000    0.0000000    0.9947021

 ... evaluating constitutive response ......................................

 Piola--Kirchhoff stress       / MPa =
      279.2295         0.0714        -0.0014
        0.0712         0.7615        -0.0255
       -0.0004        -0.0225        -0.0110

 ... doing gamma convolution ...............................................

 ... evaluating constitutive response ......................................

 Piola--Kirchhoff stress       / MPa =
      280.2291        -0.0078        -0.0074
       -0.0069        -0.2801        -0.0684
       -0.0066        -0.0658        -0.0847

 ... doing gamma convolution ...............................................

 ... reporting .............................................................

 error divergence =        38.17 (5.35E+06 / m, tol =  1.40E+05)
 error stress BC  =         1.00 (2.80E+05 Pa,  tol =  2.80E+05)

 ===========================================================================
 Increment 51/60-1/1 @ Iteration 1≤2≤100

 deformation gradient aim       =
   1.0112275   -0.0007039   -0.0009177
   0.0000000    0.9950159   -0.0021723
   0.0000000    0.0000000    0.9947027

 ... evaluating constitutive response ......................................

 Piola--Kirchhoff stress       / MPa =
      279.4715         0.0221        -0.0099
        0.0225         0.5115        -0.0091
       -0.0098        -0.0082        -0.0037

 ... doing gamma convolution ...............................................

 ... evaluating constitutive response ......................................

 Piola--Kirchhoff stress       / MPa =
      279.9612        -0.0259        -0.0143
       -0.0248         0.0011        -0.0224
       -0.0146        -0.0224        -0.0323

 ... doing gamma convolution ...............................................

 ... reporting .............................................................

 error divergence =        11.44 (1.60E+06 / m, tol =  1.40E+05)
 error stress BC  =         0.14 (3.88E+04 Pa,  tol =  2.80E+05)

 ===========================================================================
 Increment 51/60-1/1 @ Iteration 1≤3≤100

 deformation gradient aim       =
   1.0112348   -0.0007040   -0.0009172
   0.0000000    0.9950089   -0.0021717
   0.0000000    0.0000000    0.9947028

 ... evaluating constitutive response ......................................

 Piola--Kirchhoff stress       / MPa =
      279.9972        -0.0104        -0.0081
       -0.0098         0.0183        -0.0115
       -0.0083        -0.0114        -0.0130

 ... doing gamma convolution ...............................................

 ... evaluating constitutive response ......................................

 Piola--Kirchhoff stress       / MPa =
      279.9921        -0.0059        -0.0062
       -0.0056         0.0460        -0.0033
       -0.0064        -0.0033        -0.0006

 ... doing gamma convolution ...............................................

 ... reporting .............................................................

 error divergence =         4.53 (6.34E+05 / m, tol =  1.40E+05)
 error stress BC  =         0.16 (4.60E+04 Pa,  tol =  2.80E+05)

 ===========================================================================
 Increment 51/60-1/1 @ Iteration 1≤4≤100

 deformation gradient aim       =
