
 <<<+-  parallelization init  -+>>>

 Open MPI v4.1.6, package: Debian OpenMPI, ident: 4.1.6, repo rev: v4.1.6, Sep 30, 2023
 MPI standard: 3.1
 OpenMP version: 201511

 MPI processes: 1
 Could not get $OMP_NUM_THREADS, using default
 OMP_NUM_THREADS: 4

 <<<+-  CLI init  -+>>>

     _/_/_/      _/_/    _/      _/    _/_/      _/_/_/  _/    _/    _/_/_/
    _/    _/  _/    _/  _/_/  _/_/  _/    _/  _/        _/  _/            _/
   _/    _/  _/_/_/_/  _/  _/  _/  _/_/_/_/    _/_/    _/_/          _/_/
  _/    _/  _/    _/  _/      _/  _/    _/        _/  _/  _/            _/
 _/_/_/    _/    _/  _/      _/  _/    _/  _/_/_/    _/    _/    _/_/_/
 Grid solver

 F. Roters et al., Computational Materials Science 158:420–478, 2019
 https://doi.org/10.1016/j.commatsci.2018.04.030

 S. Balay et al., PETSc/TAO User Manual Revision 3.19
 https://doi.org/10.2172/1968587

 Version: v3.0.1

 Compiled with: GCC version 13.3.0
 Compiled on: Linux-6.8.0-51-generic
 Compiler options: -cpp -I /usr/lib/petscdir/petsc3.19/x86_64-linux-gnu-real/include -I /usr/include/hypre -I /usr/include/suitesparse -I /usr/include/superlu -I /usr/include/superlu-dist -I /usr/include/trilinos -I /usr/include/scotch -I /usr/include/hdf5/openmpi -I /usr/include/hdf5/serial -I /usr/include -I /usr/lib/x86_64-linux-gnu/openmpi/lib/../../fortran/gfortran-mod-15/openmpi -I /usr/lib/x86_64-linux-gnu/openmpi/lib -imultiarch x86_64-linux-gnu -D_REENTRANT -D CMAKE_SYSTEM="Linux-6.8.0-51-generic" -D DAMASKVERSION="v3.0.1" -D FYAML -D GRID -D PETSC --param=l1-cache-size=32 --param=l1-cache-line-size=64 --param=l2-cache-size=512 -mtune=znver2 -mno-omit-leaf-frame-pointer -march=x86-64 -g -O2 -O2 -Wall -Wextra -Wcharacter-truncation -Wunderflow -Wsuggest-attribute=pure -Wsuggest-attribute=noreturn -Wconversion-extra -Wunused-parameter -std=f2018 -fno-omit-frame-pointer -ffile-prefix-map=/build/damask-XEckOy/damask-3.0.1=. -flto=auto -ffat-lto-objects -fstack-protector-strong -fstack-clash-protection -fcf-protection=full -fdebug-prefix-map=/build/damask-XEckOy/damask-3.0.1=/usr/src/damask-3.0.1-6~noble -fopenmp -fPIE -ffree-line-length-none -fimplicit-none -fallow-argument-mismatch -ffpe-summary=all -fpre-include=/usr/include/finclude/x86_64-linux-gnu/math-vector-fortran.h

 Compiled on: Jan 14 2025 at 07:40:31

 PETSc version: 3.19.6

 Date: 14/11/2025
 Time: 23:07:44

 Host name: UT170340
 User name: vincent

 Command line call:      DAMASK_grid --geom /home/vincent/local_Homogenization_for_Damask/projects/template_yield_surface_postprocessing_only/input_files/Polycrystal_25_5x5x5.vti --load /home/vincent/local_Homogenization_for_Damask/projects/template_yield_surface_postprocessing_only/damask_files/yield_surface/tensile_x_y_q0_1/LOADCASE.yaml --material /home/vincent/local_Homogenization_for_Damask/projects/template_yield_surface_postprocessing_only/input_files/titanium_assigned.yaml --numerics /home/vincent/local_Homogenization_for_Damask/projects/template_yield_surface_postprocessing_only/damask_files/yield_surface/tensile_x_y_q0_1/NUMERICS.yaml --jobname template_yield_surface_postprocessing_only --workingdirectory /home/vincent/local_Homogenization_for_Damask/projects/template_yield_surface_postprocessing_only/damask_files/yield_surface/tensile_x_y_q0_1

 Working directory:      /home/vincent/local_Homogenization_for_Damask/projects/template_yield_surface_postprocessing_only/damask_files/yield_surface/tensile_x_y_q0_1
 Geometry:               ../../../input_files/Polycrystal_25_5x5x5.vti <-- /home/vincent/local_Homogenization_for_Damask/projects/template_yield_surface_postprocessing_only/input_files/Polycrystal_25_5x5x5.vti
 Load case:              LOADCASE.yaml <-- /home/vincent/local_Homogenization_for_Damask/projects/template_yield_surface_postprocessing_only/damask_files/yield_surface/tensile_x_y_q0_1/LOADCASE.yaml
 Material config:        ../../../input_files/titanium_assigned.yaml <-- /home/vincent/local_Homogenization_for_Damask/projects/template_yield_surface_postprocessing_only/input_files/titanium_assigned.yaml
 Numerics config:        NUMERICS.yaml <-- /home/vincent/local_Homogenization_for_Damask/projects/template_yield_surface_postprocessing_only/damask_files/yield_surface/tensile_x_y_q0_1/NUMERICS.yaml
 Solver job name:        template_yield_surface_postprocessing_only

 <<<+-  system_routines init  -+>>>

 <<<+-  prec init  -+>>>

 integer size / bit:   32
   maximum value:              2147483647

 real size / bit:      64
   maximum value:      0.180+309
   minimum value:      0.223-307
   epsilon value:      0.222E-15
   decimal precision:  15

 <<<+-  misc init  -+>>>

 <<<+-  IO init  -+>>>

 <<<+-  base64 init  -+>>>

 <<<+-  types init  -+>>>

 <<<+-  YAML init  -+>>>

 libfyaml powered

 <<<+-  HDF5_utilities init  -+>>>

 <<<+-  result init  -+>>>

 M. Diehl et al., Integrating Materials and Manufacturing Innovation 6(1):83–91, 2017
 https://doi.org/10.1007/s40192-017-0084-5

 <<<+-  config init  -+>>>

 reading material configuration

 reading numerics configuration

 <<<+-  math init  -+>>>

 size  of random seed:      8
 value of random seed:       1618689602   467299289    24350337  1027824142   360528698  -902366611   514508684 -1252849374
 start of random sequence: 
                           0.08005916348409
                           0.86724403102403
                           0.12487860293818
                           0.42228769155827

 <<<+-  rotations init  -+>>>

 D. Rowenhorst et al., Modelling and Simulation in Materials Science and Engineering 23:083501, 2015
 https://doi.org/10.1088/0965-0393/23/8/083501

 <<<+-  polynomials init  -+>>>

 <<<+-  tables init  -+>>>

 <<<+-  crystal init  -+>>>

 <<<+-  discretization_grid init  -+>>>

 cells:  5 × 5 × 5
 size:   1.00E-05 × 1.00E-05 × 1.00E-05 m³
 origin:  0.00E+00  0.00E+00  0.00E+00 m

 <<<+-  discretization init  -+>>>

 <<<+-  material init  -+>>>

 parsed material.yaml

 <<<+-  phase init  -+>>>

 phase 1: A

 references:
   - https://www.totalmateria.com/page.aspx?ID=CheckArticle&site=ktn&NM=221
   - https://en.wikipedia.org/wiki/Titanium

 <<<+-  phase:mechanical init  -+>>>

 <<<+-  phase:mechanical:elastic init  -+>>>

 <<<+-  phase:mechanical:elastic:Hooke init  -+>>>

 # phases: 1

 phase 1: A

 references:
   - E.S. Fisher and C.J. Renken, Physical Review 135(2A):A482-A494, 1964,
     https://doi.org/10.1103/PhysRev.135.A482, fit to Tab. IV (T_min=77K, 
     T_max=923K) 

 <<<+-  phase:mechanical:plasticity init  -+>>>

 <<<+-  phase:mechanical:plastic:phenopowerlaw init  -+>>>

 # phases: 1

 phase 1: A

 references:
   - C. Zambaldi et al., Journal of Materials Research 27(1):356-367, 2021,
     https://doi.org/10.1557/jmr.2011.334 
   - L. Wang et al., Acta Materialia 132:598-610, 2017,
     https://doi.org/10.1016/j.actamat.2017.05.015 

 <<<+-  phase:mechanical:eigen init  -+>>>

 <<<+-  phase:damage init  -+>>>

 <<<+-  phase:thermal init  -+>>>

 <<<+-  homogenization init  -+>>>

 <<<+-  homogenization:mechanical init  -+>>>

 <<<+-  homogenization:mechanical:pass init  -+>>>

 # homogenizations: 1

 <<<+-  homogenization:thermal init  -+>>>

 <<<+-  homogenization:damage init  -+>>>

 <<<+-  homogenization:damage:pass init  -+>>>

 <<<+-  materialpoint init  -+>>>

 deallocating material configuration

 <<<+-  DAMASK_grid init  -+>>>

 P. Shanthraj et al., Handbook of Mechanics of Materials, 2019
 https://doi.org/10.1007/978-981-10-6855-3_80

 <<<+-  spectral_utilities init  -+>>>

 M. Diehl, Diploma Thesis TU München, 2010
 https://doi.org/10.13140/2.1.3234.3840

 P. Eisenlohr et al., International Journal of Plasticity 46:37–53, 2013
 https://doi.org/10.1016/j.ijplas.2012.09.012

 P. Shanthraj et al., International Journal of Plasticity 66:31–45, 2015
 https://doi.org/10.1016/j.ijplas.2014.02.006

 P. Shanthraj et al., Handbook of Mechanics of Materials, 2019
 https://doi.org/10.1007/978-981-10-6855-3_80

 M. Frigo and S.G. Johnson, Proceedings of the IEEE 93(2):216–231, 2005
 https://doi.org/10.1109/jproc.2004.840301

 FFTW initialized

 <<<+-  grid_mechanical_spectral_basic init  -+>>>

 P. Eisenlohr et al., International Journal of Plasticity 46:37–53, 2013
 https://doi.org/10.1016/j.ijplas.2012.09.012

 P. Shanthraj et al., International Journal of Plasticity 66:31–45, 2015
 https://doi.org/10.1016/j.ijplas.2014.02.006

 ... evaluating constitutive response ......................................

 Piola--Kirchhoff stress       / MPa =
        0.0000         0.0000         0.0000
        0.0000         0.0000        -0.0000
        0.0000        -0.0000         0.0000

 deallocating numerics configuration

 ... saving initial configuration ..........................................

 load case: 1
  estimate_rate: F
  F:
       x             x             x      
     0.0000000       x             x      
     0.0000000     0.0000000       x      
  P / MPa:
      530.3301        0.0000        0.0000
       x            530.3301        0.0000
       x             x              0.0000
  r: 1 (constant step width)
  t: 1000.000
  N: 15
  f_out: 1
  f_restart: 1

 ###########################################################################
 Time  6.66667E+01s: Increment 1/15-1/1 of load case 1/1
 Increment 1/15-1/1 @ Iteration 1≤0≤100

 deformation gradient aim       =
   1.0000000    0.0000000    0.0000000
   0.0000000    1.0000000    0.0000000
   0.0000000    0.0000000    1.0000000

 ... evaluating constitutive response ......................................

 Piola--Kirchhoff stress       / MPa =
       -0.0000         0.0000         0.0000
        0.0000        -0.0000        -0.0000
        0.0000        -0.0000        -0.0000

 ... doing gamma convolution ...............................................

 ... reporting .............................................................

 error divergence =         1.24 (1.24E-04 / m, tol =  1.00E-04)
 error stress BC  =     35355.34 (3.54E+07 Pa,  tol =  1.00E+03)

 ===========================================================================
 Increment 1/15-1/1 @ Iteration 1≤1≤100

 deformation gradient aim       =
   1.0002025    0.0000013    0.0000024
   0.0000000    1.0002011   -0.0000032
   0.0000000    0.0000000    0.9998157

 ... evaluating constitutive response ......................................

 Piola--Kirchhoff stress       / MPa =
       35.3688         0.0001         0.0000
        0.0000        35.3687        -0.0000
        0.0000        -0.0000         0.0060

 ... doing gamma convolution ...............................................

 ... evaluating constitutive response ......................................

 Piola--Kirchhoff stress       / MPa =
       34.3625         0.0001         0.0000
        0.0000        34.3624        -0.0000
        0.0000        -0.0000         0.0056

 ... doing gamma convolution ...............................................

 ... reporting .............................................................

 error divergence =       392.92 (6.75E+06 / m, tol =  1.72E+04)
 error stress BC  =        28.90 (9.93E+05 Pa,  tol =  3.44E+04)

 ===========================================================================
 Increment 1/15-1/1 @ Iteration 1≤2≤100

 deformation gradient aim       =
   1.0002081    0.0000013    0.0000025
   0.0000000    1.0002067   -0.0000033
   0.0000000    0.0000000    0.9998105

 ... evaluating constitutive response ......................................

 Piola--Kirchhoff stress       / MPa =
       35.1055         0.0431         0.0465
        0.0430        35.1925         0.0172
        0.0465         0.0172         0.3717

 ... doing gamma convolution ...............................................

 ... evaluating constitutive response ......................................

 Piola--Kirchhoff stress       / MPa =
       35.5816         0.0424         0.0458
        0.0424        35.6673         0.0170
        0.0458         0.0170         0.3663

 ... doing gamma convolution ...............................................

 ... reporting .............................................................

 error divergence =        54.28 (9.68E+05 / m, tol =  1.78E+04)
 error stress BC  =        10.27 (3.66E+05 Pa,  tol =  3.57E+04)

 ===========================================================================
 Increment 1/15-1/1 @ Iteration 1≤3≤100

 deformation gradient aim       =
   1.0002107   -0.0000007    0.0000005
   0.0000000    1.0002072   -0.0000041
   0.0000000    0.0000000    0.9998047

 ... evaluating constitutive response ......................................

 Piola--Kirchhoff stress       / MPa =
       35.3579         0.0016         0.0011
        0.0016        35.3449         0.0014
        0.0011         0.0014         0.0147

 ... doing gamma convolution ...............................................

 ... evaluating constitutive response ......................................

 Piola--Kirchhoff stress       / MPa =
       35.3837         0.0035         0.0032
        0.0035        35.3749         0.0021
        0.0032         0.0021         0.0307

 ... doing gamma convolution ...............................................

 ... reporting .............................................................

 error divergence =         7.96 (1.41E+05 / m, tol =  1.77E+04)
 error stress BC  =         0.87 (3.07E+04 Pa,  tol =  3.54E+04)

 ===========================================================================
 Increment 1/15-1/1 @ Iteration 1≤4≤100

 deformation gradient aim       =
   1.0002106   -0.0000008    0.0000004
   0.0000000    1.0002073   -0.0000042
   0.0000000    0.0000000    0.9998044

 ... evaluating constitutive response ......................................

 Piola--Kirchhoff stress       / MPa =
       35.3546         0.0006         0.0007
        0.0006        35.3563        -0.0005
        0.0007        -0.0005        -0.0003

 ... doing gamma convolution ...............................................

 ... evaluating constitutive response ......................................

 Piola--Kirchhoff stress       / MPa =
       35.3516         0.0001         0.0001
        0.0001        35.3518        -0.0007
        0.0001        -0.0007        -0.0046

 ... doing gamma convolution ...............................................

 ... reporting .............................................................

 error divergence =         1.05 (1.86E+04 / m, tol =  1.77E+04)
 error stress BC  =         0.13 (4.56E+03 Pa,  tol =  3.54E+04)

 ===========================================================================
 Increment 1/15-1/1 @ Iteration 1≤5≤100

 deformation gradient aim       =
   1.0002106   -0.0000008    0.0000004
   0.0000000    1.0002073   -0.0000042
   0.0000000    0.0000000    0.9998044

 ... evaluating constitutive response ......................................

 Piola--Kirchhoff stress       / MPa =
       35.3554         0.0000         0.0002
        0.0000        35.3553        -0.0001
        0.0002        -0.0001        -0.0000

 ... doing gamma convolution ...............................................

 ... evaluating constitutive response ......................................

 Piola--Kirchhoff stress       / MPa =
       35.3548        -0.0000         0.0001
       -0.0000        35.3548        -0.0001
        0.0001        -0.0001        -0.0007

 ... doing gamma convolution ...............................................

 ... reporting .............................................................

 error divergence =         0.15 (2.58E+03 / m, tol =  1.77E+04)
 error stress BC  =         0.02 (6.73E+02 Pa,  tol =  3.54E+04)

 ===========================================================================

 increment 1 converged

 ... saving results ........................................................
 saving solver data required for restart
 saving field and constitutive data required for restart

 ###########################################################################
 Time  1.33333E+02s: Increment 2/15-1/1 of load case 1/1
 Increment 2/15-1/1 @ Iteration 1≤0≤100

 deformation gradient aim       =
   1.0004212   -0.0000016    0.0000007
   0.0000000    1.0004147   -0.0000083
   0.0000000    0.0000000    0.9996088

 ... evaluating constitutive response ......................................

 Piola--Kirchhoff stress       / MPa =
       72.2215        -0.0915        -0.0978
       -0.0914        72.0686        -0.0364
       -0.0977        -0.0363        -0.7745

 ... doing gamma convolution ...............................................

 ... reporting .............................................................

 error divergence =        11.97 (4.32E+05 / m, tol =  3.61E+04)
 error stress BC  =        20.92 (1.51E+06 Pa,  tol =  7.22E+04)

 ===========================================================================
 Increment 2/15-1/1 @ Iteration 1≤1≤100

 deformation gradient aim       =
   1.0004101    0.0000005    0.0000027
   0.0000000    1.0004055   -0.0000073
   0.0000000    0.0000000    0.9996228

 ... evaluating constitutive response ......................................

 Piola--Kirchhoff stress       / MPa =
       70.6921         0.0045         0.0046
        0.0044        70.7001         0.0017
        0.0046         0.0017         0.0229

 ... doing gamma convolution ...............................................

 ... evaluating constitutive response ......................................

 Piola--Kirchhoff stress       / MPa =
       70.8074        -0.0028        -0.0031
       -0.0028        70.8032        -0.0012
       -0.0031        -0.0012        -0.0372

 ... doing gamma convolution ...............................................

 ... reporting .............................................................

 error divergence =        11.03 (3.90E+05 / m, tol =  3.54E+04)
 error stress BC  =         1.37 (9.67E+04 Pa,  tol =  7.08E+04)

 ===========================================================================
 Increment 2/15-1/1 @ Iteration 1≤2≤100

 deformation gradient aim       =
   1.0004096    0.0000004    0.0000027
   0.0000000    1.0004049   -0.0000074
   0.0000000    0.0000000    0.9996233

 ... evaluating constitutive response ......................................

 Piola--Kirchhoff stress       / MPa =
       70.7265        -0.0039        -0.0041
       -0.0039        70.7186        -0.0015
       -0.0041        -0.0015        -0.0213

 ... doing gamma convolution ...............................................

 ... evaluating constitutive response ......................................

 Piola--Kirchhoff stress       / MPa =
       70.7062        -0.0026        -0.0027
       -0.0026        70.7005        -0.0010
       -0.0027        -0.0010        -0.0107

 ... doing gamma convolution ...............................................

 ... reporting .............................................................

 error divergence =         1.73 (6.11E+04 / m, tol =  3.54E+04)
 error stress BC  =         0.15 (1.07E+04 Pa,  tol =  7.07E+04)

 ===========================================================================
 Increment 2/15-1/1 @ Iteration 1≤3≤100

 deformation gradient aim       =
   1.0004094    0.0000006    0.0000029
   0.0000000    1.0004049   -0.0000073
   0.0000000    0.0000000    0.9996236

 ... evaluating constitutive response ......................................

 Piola--Kirchhoff stress       / MPa =
       70.7108        -0.0002        -0.0002
       -0.0002        70.7115        -0.0001
       -0.0002        -0.0001        -0.0013

 ... doing gamma convolution ...............................................

 ... evaluating constitutive response ......................................

 Piola--Kirchhoff stress       / MPa =
       70.7093        -0.0003        -0.0003
       -0.0003        70.7097        -0.0002
       -0.0003        -0.0002        -0.0013

 ... doing gamma convolution ...............................................

 ... reporting .............................................................

 error divergence =         0.24 (8.58E+03 / m, tol =  3.54E+04)
 error stress BC  =         0.02 (1.43E+03 Pa,  tol =  7.07E+04)

 ===========================================================================

 increment 2 converged

 ... saving results ........................................................
 saving solver data required for restart
 saving field and constitutive data required for restart

 ###########################################################################
 Time  2.00000E+02s: Increment 3/15-1/1 of load case 1/1
 Increment 3/15-1/1 @ Iteration 1≤0≤100

 deformation gradient aim       =
   1.0006082    0.0000020    0.0000054
   0.0000000    1.0006025   -0.0000104
   0.0000000    0.0000000    0.9994428

 ... evaluating constitutive response ......................................

 Piola--Kirchhoff stress       / MPa =
      105.1727         0.0565         0.0604
        0.0563       105.2664         0.0226
        0.0603         0.0225         0.5002

 ... doing gamma convolution ...............................................

 ... reporting .............................................................

 error divergence =         5.24 (2.76E+05 / m, tol =  5.26E+04)
 error stress BC  =         8.49 (8.93E+05 Pa,  tol =  1.05E+05)

 ===========================================================================
 Increment 3/15-1/1 @ Iteration 1≤1≤100

 deformation gradient aim       =
   1.0006149    0.0000007    0.0000041
   0.0000000    1.0006080   -0.0000110
   0.0000000    0.0000000    0.9994342

 ... evaluating constitutive response ......................................

 Piola--Kirchhoff stress       / MPa =
      106.0779        -0.0029        -0.0030
       -0.0030       106.0727        -0.0010
       -0.0030        -0.0010        -0.0150

 ... doing gamma convolution ...............................................

 ... evaluating constitutive response ......................................

 Piola--Kirchhoff stress       / MPa =
      106.0076         0.0017         0.0019
        0.0016       106.0101         0.0008
        0.0019         0.0008         0.0250

 ... doing gamma convolution ...............................................

 ... reporting .............................................................

 error divergence =         4.45 (2.36E+05 / m, tol =  5.30E+04)
 error stress BC  =         0.55 (5.84E+04 Pa,  tol =  1.06E+05)

 ===========================================================================
 Increment 3/15-1/1 @ Iteration 1≤2≤100

 deformation gradient aim       =
   1.0006152    0.0000007    0.0000042
   0.0000000    1.0006083   -0.0000110
   0.0000000    0.0000000    0.9994339

 ... evaluating constitutive response ......................................

 Piola--Kirchhoff stress       / MPa =
      106.0565         0.0024         0.0025
        0.0023       106.0613         0.0009
        0.0025         0.0009         0.0128

 ... doing gamma convolution ...............................................

 ... evaluating constitutive response ......................................

 Piola--Kirchhoff stress       / MPa =
      106.0682         0.0016         0.0016
        0.0015       106.0717         0.0006
        0.0016         0.0006         0.0061

 ... doing gamma convolution ...............................................

 ... reporting .............................................................

 error divergence =         0.70 (3.70E+04 / m, tol =  5.30E+04)
 error stress BC  =         0.06 (6.10E+03 Pa,  tol =  1.06E+05)

 ===========================================================================

 increment 3 converged

 ... saving results ........................................................
 saving solver data required for restart
 saving field and constitutive data required for restart

 ###########################################################################
 Time  2.66667E+02s: Increment 4/15-1/1 of load case 1/1
 Increment 4/15-1/1 @ Iteration 1≤0≤100

 deformation gradient aim       =
   1.0008212    0.0000007    0.0000053
   0.0000000    1.0008118   -0.0000148
   0.0000000    0.0000000    0.9992438

 ... evaluating constitutive response ......................................

 Piola--Kirchhoff stress       / MPa =
      141.6500        -0.0114        -0.0124
       -0.0115       141.6296        -0.0050
       -0.0123        -0.0050        -0.0947

 ... doing gamma convolution ...............................................

 ... reporting .............................................................

 error divergence =         1.49 (1.05E+05 / m, tol =  7.08E+04)
 error stress BC  =         1.61 (2.29E+05 Pa,  tol =  1.42E+05)

 ===========================================================================
 Increment 4/15-1/1 @ Iteration 1≤1≤100

 deformation gradient aim       =
   1.0008196    0.0000009    0.0000055
   0.0000000    1.0008104   -0.0000147
   0.0000000    0.0000000    0.9992457

 ... evaluating constitutive response ......................................

 Piola--Kirchhoff stress       / MPa =
      141.4188         0.0009         0.0009
        0.0007       141.4191         0.0004
        0.0009         0.0004         0.0045

 ... doing gamma convolution ...............................................

 ... evaluating constitutive response ......................................

 Piola--Kirchhoff stress       / MPa =
      141.4341         0.0000        -0.0000
       -0.0001       141.4331        -0.0000
       -0.0000        -0.0000        -0.0021

 ... doing gamma convolution ...............................................

 ... reporting .............................................................

 error divergence =         0.71 (5.00E+04 / m, tol =  7.07E+04)
 error stress BC  =         0.09 (1.28E+04 Pa,  tol =  1.41E+05)

 ===========================================================================

 increment 4 converged

 ... saving results ........................................................
 saving solver data required for restart
 saving field and constitutive data required for restart

 ###########################################################################
 Time  3.33333E+02s: Increment 5/15-1/1 of load case 1/1
 Increment 5/15-1/1 @ Iteration 1≤0≤100

 deformation gradient aim       =
   1.0010238    0.0000012    0.0000069
   0.0000000    1.0010124   -0.0000183
   0.0000000    0.0000000    0.9990578

 ... evaluating constitutive response ......................................

 Piola--Kirchhoff stress       / MPa =
      176.7235         0.0029         0.0033
        0.0027       176.7309         0.0013
        0.0033         0.0013         0.0465

 ... doing gamma convolution ...............................................

 ... reporting .............................................................

 error divergence =         1.66 (1.47E+05 / m, tol =  8.84E+04)
 error stress BC  =         0.30 (5.32E+04 Pa,  tol =  1.77E+05)

 ===========================================================================
 Increment 5/15-1/1 @ Iteration 1≤1≤100

 deformation gradient aim       =
   1.0010243    0.0000011    0.0000069
   0.0000000    1.0010127   -0.0000184
   0.0000000    0.0000000    0.9990572

 ... evaluating constitutive response ......................................

 Piola--Kirchhoff stress       / MPa =
      176.7821        -0.0014        -0.0014
       -0.0016       176.7799        -0.0007
       -0.0014        -0.0007        -0.0079

 ... doing gamma convolution ...............................................

 ... evaluating constitutive response ......................................

 Piola--Kirchhoff stress       / MPa =
      176.7745        -0.0008        -0.0008
       -0.0010       176.7736        -0.0004
       -0.0008        -0.0004        -0.0009

 ... doing gamma convolution ...............................................

 ... reporting .............................................................

 error divergence =         0.19 (1.68E+04 / m, tol =  8.84E+04)
 error stress BC  =         0.02 (3.10E+03 Pa,  tol =  1.77E+05)

 ===========================================================================

 increment 5 converged

 ... saving results ........................................................
 saving solver data required for restart
 saving field and constitutive data required for restart

 ###########################################################################
 Time  4.00000E+02s: Increment 6/15-1/1 of load case 1/1
 Increment 6/15-1/1 @ Iteration 1≤0≤100

 deformation gradient aim       =
   1.0012288    0.0000014    0.0000083
   0.0000000    1.0012151   -0.0000220
   0.0000000    0.0000000    0.9988687

 ... evaluating constitutive response ......................................

 Piola--Kirchhoff stress       / MPa =
      212.1702        -0.0007         0.0037
       -0.0010       212.1741         0.0005
        0.0037         0.0005         0.0221

 ... doing gamma convolution ...............................................

 ... reporting .............................................................

 error divergence =         0.90 (9.56E+04 / m, tol =  1.06E+05)
 error stress BC  =         0.20 (4.20E+04 Pa,  tol =  2.12E+05)

 ===========================================================================
 Increment 6/15-1/1 @ Iteration 1≤1≤100

 deformation gradient aim       =
   1.0012287    0.0000015    0.0000082
   0.0000000    1.0012149   -0.0000220
   0.0000000    0.0000000    0.9988688

 ... evaluating constitutive response ......................................

 Piola--Kirchhoff stress       / MPa =
      212.1289         0.0002         0.0006
       -0.0001       212.1308         0.0001
        0.0006         0.0001         0.0036

 ... doing gamma convolution ...............................................

 ... evaluating constitutive response ......................................

 Piola--Kirchhoff stress       / MPa =
      212.1343         0.0001         0.0010
       -0.0002       212.1364         0.0002
        0.0010         0.0002         0.0060

 ... doing gamma convolution ...............................................

 ... reporting .............................................................

 error divergence =         0.12 (1.30E+04 / m, tol =  1.06E+05)
 error stress BC  =         0.03 (5.98E+03 Pa,  tol =  2.12E+05)

 ===========================================================================

 increment 6 converged

 ... saving results ........................................................
 saving solver data required for restart
 saving field and constitutive data required for restart

 ###########################################################################
 Time  4.66667E+02s: Increment 7/15-1/1 of load case 1/1
 Increment 7/15-1/1 @ Iteration 1≤0≤100

 deformation gradient aim       =
   1.0014333    0.0000017    0.0000095
   0.0000000    1.0014170   -0.0000257
   0.0000000    0.0000000    0.9986801

 ... evaluating constitutive response ......................................

 Piola--Kirchhoff stress       / MPa =
      247.4194        -0.0462         0.0274
       -0.0466       247.4428        -0.0046
        0.0273        -0.0046         0.1437

 ... doing gamma convolution ...............................................

 ... reporting .............................................................

 error divergence =         6.88 (8.51E+05 / m, tol =  1.24E+05)
 error stress BC  =         0.58 (1.44E+05 Pa,  tol =  2.47E+05)

 ===========================================================================
 Increment 7/15-1/1 @ Iteration 1≤1≤100

 deformation gradient aim       =
   1.0014341    0.0000028    0.0000089
   0.0000000    1.0014176   -0.0000256
   0.0000000    0.0000000    0.9986786

 ... evaluating constitutive response ......................................

 Piola--Kirchhoff stress       / MPa =
      247.4650        -0.0065         0.0059
       -0.0072       247.4732        -0.0007
        0.0059        -0.0007         0.0351

 ... doing gamma convolution ...............................................

 ... evaluating constitutive response ......................................

 Piola--Kirchhoff stress       / MPa =
      247.4755         0.0024         0.0009
        0.0017       247.4804         0.0000
        0.0009         0.0000         0.0101

 ... doing gamma convolution ...............................................

 ... reporting .............................................................

 error divergence =         0.99 (1.23E+05 / m, tol =  1.24E+05)
 error stress BC  =         0.05 (1.19E+04 Pa,  tol =  2.47E+05)

 ===========================================================================

 increment 7 converged

 ... saving results ........................................................
 saving solver data required for restart
 saving field and constitutive data required for restart

 ###########################################################################
 Time  5.33333E+02s: Increment 8/15-1/1 of load case 1/1
 Increment 8/15-1/1 @ Iteration 1≤0≤100

 deformation gradient aim       =
   1.0016402    0.0000044    0.0000093
   0.0000000    1.0016207   -0.0000291
   0.0000000    0.0000000    0.9984875

 ... evaluating constitutive response ......................................

 Piola--Kirchhoff stress       / MPa =
      282.4071        -0.2075         0.1631
       -0.2088       282.4901         0.0067
        0.1626         0.0066         0.8486

 ... doing gamma convolution ...............................................

 ... reporting .............................................................

 error divergence =        27.61 (3.90E+06 / m, tol =  1.41E+05)
 error stress BC  =         3.00 (8.49E+05 Pa,  tol =  2.82E+05)

 ===========================================================================
 Increment 8/15-1/1 @ Iteration 1≤1≤100

 deformation gradient aim       =
   1.0016452    0.0000093    0.0000056
   0.0000000    1.0016247   -0.0000294
   0.0000000    0.0000000    0.9984782

 ... evaluating constitutive response ......................................

 Piola--Kirchhoff stress       / MPa =
      282.6582        -0.0591         0.0596
       -0.0617       282.7035         0.0054
        0.0595         0.0054         0.3105

 ... doing gamma convolution ...............................................

 ... evaluating constitutive response ......................................

 Piola--Kirchhoff stress       / MPa =
      282.7957         0.0227         0.0027
        0.0193       282.8207         0.0047
        0.0027         0.0047         0.0141

 ... doing gamma convolution ...............................................

 ... reporting .............................................................

 error divergence =         5.32 (7.52E+05 / m, tol =  1.41E+05)
 error stress BC  =         0.17 (4.70E+04 Pa,  tol =  2.83E+05)

 ===========================================================================
 Increment 8/15-1/1 @ Iteration 1≤2≤100

 deformation gradient aim       =
   1.0016476    0.0000102    0.0000043
   0.0000000    1.0016263   -0.0000296
   0.0000000    0.0000000    0.9984744

 ... evaluating constitutive response ......................................

 Piola--Kirchhoff stress       / MPa =
      282.8404        -0.0032         0.0022
       -0.0064       282.8383        -0.0021
        0.0022        -0.0021         0.0091

 ... doing gamma convolution ...............................................

 ... evaluating constitutive response ......................................

 Piola--Kirchhoff stress       / MPa =
      282.8613         0.0019        -0.0039
       -0.0014       282.8542        -0.0032
       -0.0039        -0.0032        -0.0239

 ... doing gamma convolution ...............................................

 ... reporting .............................................................

 error divergence =         1.32 (1.87E+05 / m, tol =  1.41E+05)
 error stress BC  =         0.08 (2.39E+04 Pa,  tol =  2.83E+05)

 ===========================================================================
 Increment 8/15-1/1 @ Iteration 1≤3≤100

 deformation gradient aim       =
   1.0016475    0.0000102    0.0000043
   0.0000000    1.0016262   -0.0000295
   0.0000000    0.0000000    0.9984746

 ... evaluating constitutive response ......................................

 Piola--Kirchhoff stress       / MPa =
      282.8416        -0.0002        -0.0008
       -0.0035       282.8439        -0.0015
       -0.0008        -0.0014        -0.0009

 ... doing gamma convolution ...............................................

 ... evaluating constitutive response ......................................

 Piola--Kirchhoff stress       / MPa =
      282.8417        -0.0023        -0.0003
       -0.0056       282.8432        -0.0017
       -0.0003        -0.0017         0.0028

 ... doing gamma convolution ...............................................

 ... reporting .............................................................

 error divergence =         0.28 (3.99E+04 / m, tol =  1.41E+05)
 error stress BC  =         0.01 (2.77E+03 Pa,  tol =  2.83E+05)

 ===========================================================================

 increment 8 converged

 ... saving results ........................................................
 saving solver data required for restart
 saving field and constitutive data required for restart

 ###########################################################################
 Time  6.00000E+02s: Increment 9/15-1/1 of load case 1/1
 Increment 9/15-1/1 @ Iteration 1≤0≤100

 deformation gradient aim       =
   1.0018606    0.0000177   -0.0000001
   0.0000000    1.0018346   -0.0000333
   0.0000000    0.0000000    0.9982711

 ... evaluating constitutive response ......................................

 Piola--Kirchhoff stress       / MPa =
      317.1487        -0.3575         0.3143
       -0.3630       317.1097         0.0340
        0.3132         0.0339         2.1854

 ... doing gamma convolution ...............................................

 ... reporting .............................................................

 error divergence =        41.23 (6.54E+06 / m, tol =  1.59E+05)
 error stress BC  =         6.89 (2.19E+06 Pa,  tol =  3.17E+05)

 ===========================================================================
 Increment 9/15-1/1 @ Iteration 1≤1≤100

 deformation gradient aim       =
   1.0018730    0.0000269   -0.0000076
   0.0000000    1.0018473   -0.0000344
   0.0000000    0.0000000    0.9982457

 ... evaluating constitutive response ......................................

 Piola--Kirchhoff stress       / MPa =
      317.8284        -0.0783         0.1138
       -0.0868       317.8244         0.0339
        0.1134         0.0338         0.7123

 ... doing gamma convolution ...............................................

 ... evaluating constitutive response ......................................

 Piola--Kirchhoff stress       / MPa =
      318.3091         0.1211        -0.0280
        0.1104       318.3290         0.0353
       -0.0279         0.0352        -0.3308

 ... doing gamma convolution ...............................................

 ... reporting .............................................................

 error divergence =        13.16 (2.09E+06 / m, tol =  1.59E+05)
 error stress BC  =         1.04 (3.31E+05 Pa,  tol =  3.18E+05)

 ===========================================================================
 Increment 9/15-1/1 @ Iteration 1≤2≤100

 deformation gradient aim       =
   1.0018757    0.0000260   -0.0000095
   0.0000000    1.0018497   -0.0000359
   0.0000000    0.0000000    0.9982409

