
 <<<+-  parallelization init  -+>>>

 Open MPI v4.1.6, package: Debian OpenMPI, ident: 4.1.6, repo rev: v4.1.6, Sep 30, 2023
 MPI standard: 3.1
 OpenMP version: 201511

 MPI processes: 1
 Could not get $OMP_NUM_THREADS, using default
 OMP_NUM_THREADS: 4

 <<<+-  CLI init  -+>>>

     _/_/_/      _/_/    _/      _/    _/_/      _/_/_/  _/    _/    _/_/_/
    _/    _/  _/    _/  _/_/  _/_/  _/    _/  _/        _/  _/            _/
   _/    _/  _/_/_/_/  _/  _/  _/  _/_/_/_/    _/_/    _/_/          _/_/
  _/    _/  _/    _/  _/      _/  _/    _/        _/  _/  _/            _/
 _/_/_/    _/    _/  _/      _/  _/    _/  _/_/_/    _/    _/    _/_/_/
 Grid solver

 F. Roters et al., Computational Materials Science 158:420–478, 2019
 https://doi.org/10.1016/j.commatsci.2018.04.030

 S. Balay et al., PETSc/TAO User Manual Revision 3.19
 https://doi.org/10.2172/1968587

 Version: v3.0.1

 Compiled with: GCC version 13.3.0
 Compiled on: Linux-6.8.0-51-generic
 Compiler options: -cpp -I /usr/lib/petscdir/petsc3.19/x86_64-linux-gnu-real/include -I /usr/include/hypre -I /usr/include/suitesparse -I /usr/include/superlu -I /usr/include/superlu-dist -I /usr/include/trilinos -I /usr/include/scotch -I /usr/include/hdf5/openmpi -I /usr/include/hdf5/serial -I /usr/include -I /usr/lib/x86_64-linux-gnu/openmpi/lib/../../fortran/gfortran-mod-15/openmpi -I /usr/lib/x86_64-linux-gnu/openmpi/lib -imultiarch x86_64-linux-gnu -D_REENTRANT -D CMAKE_SYSTEM="Linux-6.8.0-51-generic" -D DAMASKVERSION="v3.0.1" -D FYAML -D GRID -D PETSC --param=l1-cache-size=32 --param=l1-cache-line-size=64 --param=l2-cache-size=512 -mtune=znver2 -mno-omit-leaf-frame-pointer -march=x86-64 -g -O2 -O2 -Wall -Wextra -Wcharacter-truncation -Wunderflow -Wsuggest-attribute=pure -Wsuggest-attribute=noreturn -Wconversion-extra -Wunused-parameter -std=f2018 -fno-omit-frame-pointer -ffile-prefix-map=/build/damask-XEckOy/damask-3.0.1=. -flto=auto -ffat-lto-objects -fstack-protector-strong -fstack-clash-protection -fcf-protection=full -fdebug-prefix-map=/build/damask-XEckOy/damask-3.0.1=/usr/src/damask-3.0.1-6~noble -fopenmp -fPIE -ffree-line-length-none -fimplicit-none -fallow-argument-mismatch -ffpe-summary=all -fpre-include=/usr/include/finclude/x86_64-linux-gnu/math-vector-fortran.h

 Compiled on: Jan 14 2025 at 07:40:31

 PETSc version: 3.19.6

 Date: 14/11/2025
 Time: 23:12:04

 Host name: UT170340
 User name: vincent

 Command line call:      DAMASK_grid --geom /home/vincent/local_Homogenization_for_Damask/projects/template_yield_surface_postprocessing_only/input_files/Polycrystal_25_5x5x5.vti --load /home/vincent/local_Homogenization_for_Damask/projects/template_yield_surface_postprocessing_only/damask_files/yield_surface/shear_xz_yz_q1_1/LOADCASE.yaml --material /home/vincent/local_Homogenization_for_Damask/projects/template_yield_surface_postprocessing_only/input_files/titanium_assigned.yaml --numerics /home/vincent/local_Homogenization_for_Damask/projects/template_yield_surface_postprocessing_only/damask_files/yield_surface/shear_xz_yz_q1_1/NUMERICS.yaml --jobname template_yield_surface_postprocessing_only --workingdirectory /home/vincent/local_Homogenization_for_Damask/projects/template_yield_surface_postprocessing_only/damask_files/yield_surface/shear_xz_yz_q1_1

 Working directory:      /home/vincent/local_Homogenization_for_Damask/projects/template_yield_surface_postprocessing_only/damask_files/yield_surface/shear_xz_yz_q1_1
 Geometry:               ../../../input_files/Polycrystal_25_5x5x5.vti <-- /home/vincent/local_Homogenization_for_Damask/projects/template_yield_surface_postprocessing_only/input_files/Polycrystal_25_5x5x5.vti
 Load case:              LOADCASE.yaml <-- /home/vincent/local_Homogenization_for_Damask/projects/template_yield_surface_postprocessing_only/damask_files/yield_surface/shear_xz_yz_q1_1/LOADCASE.yaml
 Material config:        ../../../input_files/titanium_assigned.yaml <-- /home/vincent/local_Homogenization_for_Damask/projects/template_yield_surface_postprocessing_only/input_files/titanium_assigned.yaml
 Numerics config:        NUMERICS.yaml <-- /home/vincent/local_Homogenization_for_Damask/projects/template_yield_surface_postprocessing_only/damask_files/yield_surface/shear_xz_yz_q1_1/NUMERICS.yaml
 Solver job name:        template_yield_surface_postprocessing_only

 <<<+-  system_routines init  -+>>>

 <<<+-  prec init  -+>>>

 integer size / bit:   32
   maximum value:              2147483647

 real size / bit:      64
   maximum value:      0.180+309
   minimum value:      0.223-307
   epsilon value:      0.222E-15
   decimal precision:  15

 <<<+-  misc init  -+>>>

 <<<+-  IO init  -+>>>

 <<<+-  base64 init  -+>>>

 <<<+-  types init  -+>>>

 <<<+-  YAML init  -+>>>

 libfyaml powered

 <<<+-  HDF5_utilities init  -+>>>

 <<<+-  result init  -+>>>

 M. Diehl et al., Integrating Materials and Manufacturing Innovation 6(1):83–91, 2017
 https://doi.org/10.1007/s40192-017-0084-5

 <<<+-  config init  -+>>>

 reading material configuration

 reading numerics configuration

 <<<+-  math init  -+>>>

 size  of random seed:      8
 value of random seed:       1571748824  1419480580  2072030484   332404459   152919974  -914493092  1603319260  1803206276
 start of random sequence: 
                           0.50775838625311
                           0.55962452352423
                           0.40916097970547
                           0.32151023052765

 <<<+-  rotations init  -+>>>

 D. Rowenhorst et al., Modelling and Simulation in Materials Science and Engineering 23:083501, 2015
 https://doi.org/10.1088/0965-0393/23/8/083501

 <<<+-  polynomials init  -+>>>

 <<<+-  tables init  -+>>>

 <<<+-  crystal init  -+>>>

 <<<+-  discretization_grid init  -+>>>

 cells:  5 × 5 × 5
 size:   1.00E-05 × 1.00E-05 × 1.00E-05 m³
 origin:  0.00E+00  0.00E+00  0.00E+00 m

 <<<+-  discretization init  -+>>>

 <<<+-  material init  -+>>>

 parsed material.yaml

 <<<+-  phase init  -+>>>

 phase 1: A

 references:
   - https://www.totalmateria.com/page.aspx?ID=CheckArticle&site=ktn&NM=221
   - https://en.wikipedia.org/wiki/Titanium

 <<<+-  phase:mechanical init  -+>>>

 <<<+-  phase:mechanical:elastic init  -+>>>

 <<<+-  phase:mechanical:elastic:Hooke init  -+>>>

 # phases: 1

 phase 1: A

 references:
   - E.S. Fisher and C.J. Renken, Physical Review 135(2A):A482-A494, 1964,
     https://doi.org/10.1103/PhysRev.135.A482, fit to Tab. IV (T_min=77K, 
     T_max=923K) 

 <<<+-  phase:mechanical:plasticity init  -+>>>

 <<<+-  phase:mechanical:plastic:phenopowerlaw init  -+>>>

 # phases: 1

 phase 1: A

 references:
   - C. Zambaldi et al., Journal of Materials Research 27(1):356-367, 2021,
     https://doi.org/10.1557/jmr.2011.334 
   - L. Wang et al., Acta Materialia 132:598-610, 2017,
     https://doi.org/10.1016/j.actamat.2017.05.015 

 <<<+-  phase:mechanical:eigen init  -+>>>

 <<<+-  phase:damage init  -+>>>

 <<<+-  phase:thermal init  -+>>>

 <<<+-  homogenization init  -+>>>

 <<<+-  homogenization:mechanical init  -+>>>

 <<<+-  homogenization:mechanical:pass init  -+>>>

 # homogenizations: 1

 <<<+-  homogenization:thermal init  -+>>>

 <<<+-  homogenization:damage init  -+>>>

 <<<+-  homogenization:damage:pass init  -+>>>

 <<<+-  materialpoint init  -+>>>

 deallocating material configuration

 <<<+-  DAMASK_grid init  -+>>>

 P. Shanthraj et al., Handbook of Mechanics of Materials, 2019
 https://doi.org/10.1007/978-981-10-6855-3_80

 <<<+-  spectral_utilities init  -+>>>

 M. Diehl, Diploma Thesis TU München, 2010
 https://doi.org/10.13140/2.1.3234.3840

 P. Eisenlohr et al., International Journal of Plasticity 46:37–53, 2013
 https://doi.org/10.1016/j.ijplas.2012.09.012

 P. Shanthraj et al., International Journal of Plasticity 66:31–45, 2015
 https://doi.org/10.1016/j.ijplas.2014.02.006

 P. Shanthraj et al., Handbook of Mechanics of Materials, 2019
 https://doi.org/10.1007/978-981-10-6855-3_80

 M. Frigo and S.G. Johnson, Proceedings of the IEEE 93(2):216–231, 2005
 https://doi.org/10.1109/jproc.2004.840301

 FFTW initialized

 <<<+-  grid_mechanical_spectral_basic init  -+>>>

 P. Eisenlohr et al., International Journal of Plasticity 46:37–53, 2013
 https://doi.org/10.1016/j.ijplas.2012.09.012

 P. Shanthraj et al., International Journal of Plasticity 66:31–45, 2015
 https://doi.org/10.1016/j.ijplas.2014.02.006

 ... evaluating constitutive response ......................................

 Piola--Kirchhoff stress       / MPa =
        0.0000         0.0000         0.0000
        0.0000         0.0000        -0.0000
        0.0000        -0.0000         0.0000

 deallocating numerics configuration

 ... saving initial configuration ..........................................

 load case: 1
  estimate_rate: F
  F:
       x             x             x      
     0.0000000       x             x      
     0.0000000     0.0000000       x      
  P / MPa:
        0.0000        0.0000     -247.4874
       x              0.0000      247.4874
       x             x              0.0000
  r: 1 (constant step width)
  t: 1000.000
  N: 15
  f_out: 1
  f_restart: 1

 ###########################################################################
 Time  6.66667E+01s: Increment 1/15-1/1 of load case 1/1
 Increment 1/15-1/1 @ Iteration 1≤0≤100

 deformation gradient aim       =
   1.0000000    0.0000000    0.0000000
   0.0000000    1.0000000    0.0000000
   0.0000000    0.0000000    1.0000000

 ... evaluating constitutive response ......................................

 Piola--Kirchhoff stress       / MPa =
       -0.0000         0.0000         0.0000
        0.0000        -0.0000        -0.0000
        0.0000        -0.0000        -0.0000

 ... doing gamma convolution ...............................................

 ... reporting .............................................................

 error divergence =         1.24 (1.24E-04 / m, tol =  1.00E-04)
 error stress BC  =     16499.16 (1.65E+07 Pa,  tol =  1.00E+03)

 ===========================================================================
 Increment 1/15-1/1 @ Iteration 1≤1≤100

 deformation gradient aim       =
   0.9999980   -0.0000012   -0.0003747
   0.0000000    0.9999993    0.0003666
   0.0000000    0.0000000    1.0000025

 ... evaluating constitutive response ......................................

 Piola--Kirchhoff stress       / MPa =
        0.0167        -0.0062       -16.4991
       -0.0060         0.0166        16.4991
      -16.4991        16.4992         0.0231

 ... doing gamma convolution ...............................................

 ... evaluating constitutive response ......................................

 Piola--Kirchhoff stress       / MPa =
        0.0164        -0.0060       -16.3191
       -0.0059         0.0162        16.3191
      -16.3191        16.3192         0.0226

 ... doing gamma convolution ...............................................

 ... reporting .............................................................

 error divergence =       841.86 (6.87E+06 / m, tol =  8.16E+03)
 error stress BC  =        11.04 (1.80E+05 Pa,  tol =  1.63E+04)

 ===========================================================================
 Increment 1/15-1/1 @ Iteration 1≤2≤100

 deformation gradient aim       =
   0.9999979   -0.0000010   -0.0003788
   0.0000000    0.9999993    0.0003706
   0.0000000    0.0000000    1.0000023

 ... evaluating constitutive response ......................................

 Piola--Kirchhoff stress       / MPa =
       -0.0159         0.0750       -16.3069
        0.0752        -0.0168        16.2878
      -16.3070        16.2879         0.0235

 ... doing gamma convolution ...............................................

 ... evaluating constitutive response ......................................

 Piola--Kirchhoff stress       / MPa =
       -0.0161         0.0765       -16.5054
        0.0766        -0.0171        16.4859
      -16.5054        16.4859         0.0241

 ... doing gamma convolution ...............................................

 ... reporting .............................................................

 error divergence =       104.81 (8.65E+05 / m, tol =  8.25E+03)
 error stress BC  =         4.63 (7.65E+04 Pa,  tol =  1.65E+04)

 ===========================================================================
 Increment 1/15-1/1 @ Iteration 1≤3≤100

 deformation gradient aim       =
   0.9999982   -0.0000045   -0.0003830
   0.0000000    0.9999996    0.0003756
   0.0000000    0.0000000    1.0000018

 ... evaluating constitutive response ......................................

 Piola--Kirchhoff stress       / MPa =
       -0.0017        -0.0001       -16.4949
        0.0001         0.0043        16.4949
      -16.4950        16.4949        -0.0005

 ... doing gamma convolution ...............................................

 ... evaluating constitutive response ......................................

 Piola--Kirchhoff stress       / MPa =
       -0.0024         0.0020       -16.4994
        0.0021         0.0035        16.4988
      -16.4994        16.4989        -0.0003

 ... doing gamma convolution ...............................................

 ... reporting .............................................................

 error divergence =        16.40 (1.35E+05 / m, tol =  8.25E+03)
 error stress BC  =         0.21 (3.54E+03 Pa,  tol =  1.65E+04)

 ===========================================================================
 Increment 1/15-1/1 @ Iteration 1≤4≤100

 deformation gradient aim       =
   0.9999983   -0.0000046   -0.0003831
   0.0000000    0.9999995    0.0003757
   0.0000000    0.0000000    1.0000018

 ... evaluating constitutive response ......................................

 Piola--Kirchhoff stress       / MPa =
       -0.0013         0.0009       -16.4996
        0.0010        -0.0002        16.4991
      -16.4996        16.4992         0.0014

 ... doing gamma convolution ...............................................

 ... evaluating constitutive response ......................................

 Piola--Kirchhoff stress       / MPa =
       -0.0011        -0.0003       -16.4992
       -0.0002         0.0001        16.4991
      -16.4992        16.4991         0.0010

 ... doing gamma convolution ...............................................

 ... reporting .............................................................

 error divergence =         2.14 (1.77E+04 / m, tol =  8.25E+03)
 error stress BC  =         0.06 (1.07E+03 Pa,  tol =  1.65E+04)

 ===========================================================================
 Increment 1/15-1/1 @ Iteration 1≤5≤100

 deformation gradient aim       =
   0.9999983   -0.0000046   -0.0003831
   0.0000000    0.9999995    0.0003757
   0.0000000    0.0000000    1.0000018

 ... evaluating constitutive response ......................................

 Piola--Kirchhoff stress       / MPa =
       -0.0001        -0.0000       -16.4991
        0.0001         0.0000        16.4992
      -16.4992        16.4992         0.0001

 ... doing gamma convolution ...............................................

 ... evaluating constitutive response ......................................

 Piola--Kirchhoff stress       / MPa =
       -0.0001        -0.0000       -16.4991
        0.0001        -0.0001        16.4992
      -16.4992        16.4992         0.0001

 ... doing gamma convolution ...............................................

 ... reporting .............................................................

 error divergence =         0.31 (2.53E+03 / m, tol =  8.25E+03)
 error stress BC  =         0.01 (1.26E+02 Pa,  tol =  1.65E+04)

 ===========================================================================

 increment 1 converged

 ... saving results ........................................................
 saving solver data required for restart
 saving field and constitutive data required for restart

 ###########################################################################
 Time  1.33333E+02s: Increment 2/15-1/1 of load case 1/1
 Increment 2/15-1/1 @ Iteration 1≤0≤100

 deformation gradient aim       =
   0.9999966   -0.0000092   -0.0007662
   0.0000000    0.9999989    0.0007513
   0.0000000    0.0000000    1.0000035

 ... evaluating constitutive response ......................................

 Piola--Kirchhoff stress       / MPa =
        0.0415        -0.1512       -33.3302
       -0.1507         0.0291        33.3688
      -33.3302        33.3690        -0.0434

 ... doing gamma convolution ...............................................

 ... reporting .............................................................

 error divergence =         9.85 (1.64E+05 / m, tol =  1.67E+04)
 error stress BC  =        11.10 (3.70E+05 Pa,  tol =  3.34E+04)

 ===========================================================================
 Increment 2/15-1/1 @ Iteration 1≤1≤100

 deformation gradient aim       =
   0.9999963   -0.0000056   -0.0007587
   0.0000000    0.9999987    0.0007431
   0.0000000    0.0000000    1.0000040

 ... evaluating constitutive response ......................................

 Piola--Kirchhoff stress       / MPa =
       -0.0018         0.0044       -32.9938
        0.0049        -0.0017        32.9932
      -32.9939        32.9934         0.0006

 ... doing gamma convolution ...............................................

 ... evaluating constitutive response ......................................

 Piola--Kirchhoff stress       / MPa =
       -0.0001        -0.0017       -33.0071
       -0.0012        -0.0005        33.0080
      -33.0071        33.0082        -0.0011

 ... doing gamma convolution ...............................................

 ... reporting .............................................................

 error divergence =         9.37 (1.55E+05 / m, tol =  1.65E+04)
 error stress BC  =         0.29 (9.67E+03 Pa,  tol =  3.30E+04)

 ===========================================================================
 Increment 2/15-1/1 @ Iteration 1≤2≤100

 deformation gradient aim       =
   0.9999963   -0.0000057   -0.0007586
   0.0000000    0.9999987    0.0007430
   0.0000000    0.0000000    1.0000040

 ... evaluating constitutive response ......................................

 Piola--Kirchhoff stress       / MPa =
        0.0010        -0.0041       -33.0023
       -0.0035         0.0010        33.0029
      -33.0024        33.0031        -0.0016

 ... doing gamma convolution ...............................................

 ... evaluating constitutive response ......................................

 Piola--Kirchhoff stress       / MPa =
        0.0005        -0.0021       -32.9980
       -0.0016         0.0006        32.9981
      -32.9981        32.9983        -0.0010

 ... doing gamma convolution ...............................................

 ... reporting .............................................................

 error divergence =         1.24 (2.04E+04 / m, tol =  1.65E+04)
 error stress BC  =         0.06 (2.07E+03 Pa,  tol =  3.30E+04)

 ===========================================================================
 Increment 2/15-1/1 @ Iteration 1≤3≤100

 deformation gradient aim       =
   0.9999963   -0.0000055   -0.0007585
   0.0000000    0.9999987    0.0007429
   0.0000000    0.0000000    1.0000041

 ... evaluating constitutive response ......................................

 Piola--Kirchhoff stress       / MPa =
       -0.0000        -0.0000       -32.9986
        0.0005        -0.0001        32.9985
      -32.9986        32.9987        -0.0000

 ... doing gamma convolution ...............................................

 ... evaluating constitutive response ......................................

 Piola--Kirchhoff stress       / MPa =
       -0.0000         0.0000       -32.9983
        0.0005        -0.0000        32.9983
      -32.9984        32.9985         0.0000

 ... doing gamma convolution ...............................................

 ... reporting .............................................................

 error divergence =         0.19 (3.06E+03 / m, tol =  1.65E+04)
 error stress BC  =         0.00 (4.30E+01 Pa,  tol =  3.30E+04)

 ===========================================================================

 increment 2 converged

 ... saving results ........................................................
 saving solver data required for restart
 saving field and constitutive data required for restart

 ###########################################################################
 Time  2.00000E+02s: Increment 3/15-1/1 of load case 1/1
 Increment 3/15-1/1 @ Iteration 1≤0≤100

 deformation gradient aim       =
   0.9999942   -0.0000065   -0.0011339
   0.0000000    0.9999980    0.0011102
   0.0000000    0.0000000    1.0000063

 ... evaluating constitutive response ......................................

 Piola--Kirchhoff stress       / MPa =
        0.0303         0.0642       -49.3149
        0.0653         0.0363        49.2937
      -49.3151        49.2940         0.0966

 ... doing gamma convolution ...............................................

 ... reporting .............................................................

 error divergence =         3.60 (8.88E+04 / m, tol =  2.47E+04)
 error stress BC  =         4.13 (2.04E+05 Pa,  tol =  4.93E+04)

 ===========================================================================
 Increment 3/15-1/1 @ Iteration 1≤1≤100

 deformation gradient aim       =
   0.9999943   -0.0000080   -0.0011380
   0.0000000    0.9999980    0.0011147
   0.0000000    0.0000000    1.0000057

 ... evaluating constitutive response ......................................

 Piola--Kirchhoff stress       / MPa =
        0.0012        -0.0023       -49.4999
       -0.0012         0.0010        49.5002
      -49.5000        49.5006        -0.0007

 ... doing gamma convolution ...............................................

 ... evaluating constitutive response ......................................

 Piola--Kirchhoff stress       / MPa =
        0.0023         0.0002       -49.4928
        0.0014         0.0023        49.4923
      -49.4930        49.4927         0.0030

 ... doing gamma convolution ...............................................

 ... reporting .............................................................

 error divergence =         3.36 (8.32E+04 / m, tol =  2.47E+04)
 error stress BC  =         0.10 (5.15E+03 Pa,  tol =  4.95E+04)

 ===========================================================================
 Increment 3/15-1/1 @ Iteration 1≤2≤100

 deformation gradient aim       =
   0.9999943   -0.0000079   -0.0011381
   0.0000000    0.9999980    0.0011147
   0.0000000    0.0000000    1.0000057

 ... evaluating constitutive response ......................................

 Piola--Kirchhoff stress       / MPa =
       -0.0006         0.0019       -49.4953
        0.0031        -0.0005        49.4950
      -49.4955        49.4954         0.0010

 ... doing gamma convolution ...............................................

 ... evaluating constitutive response ......................................

 Piola--Kirchhoff stress       / MPa =
       -0.0010         0.0011       -49.4976
        0.0023        -0.0010        49.4975
      -49.4977        49.4979        -0.0002

 ... doing gamma convolution ...............................................

 ... reporting .............................................................

 error divergence =         0.44 (1.10E+04 / m, tol =  2.47E+04)
 error stress BC  =         0.02 (1.10E+03 Pa,  tol =  4.95E+04)

 ===========================================================================

 increment 3 converged

 ... saving results ........................................................
 saving solver data required for restart
 saving field and constitutive data required for restart

 ###########################################################################
 Time  2.66667E+02s: Increment 4/15-1/1 of load case 1/1
 Increment 4/15-1/1 @ Iteration 1≤0≤100

 deformation gradient aim       =
   0.9999923   -0.0000105   -0.0015177
   0.0000000    0.9999973    0.0014867
   0.0000000    0.0000000    1.0000074

 ... evaluating constitutive response ......................................

 Piola--Kirchhoff stress       / MPa =
        0.0324        -0.0187       -66.0140
       -0.0167         0.0315        66.0160
      -66.0142        66.0166         0.0399

 ... doing gamma convolution ...............................................

 ... reporting .............................................................

 error divergence =         0.79 (2.61E+04 / m, tol =  3.30E+04)
 error stress BC  =         0.60 (3.99E+04 Pa,  tol =  6.60E+04)

 ===========================================================================
 Increment 4/15-1/1 @ Iteration 1≤1≤100

 deformation gradient aim       =
   0.9999922   -0.0000100   -0.0015173
   0.0000000    0.9999972    0.0014862
   0.0000000    0.0000000    1.0000072

 ... evaluating constitutive response ......................................

 Piola--Kirchhoff stress       / MPa =
       -0.0001         0.0004       -65.9961
        0.0024         0.0000        65.9961
      -65.9964        65.9968        -0.0001

 ... doing gamma convolution ...............................................

 ... evaluating constitutive response ......................................

 Piola--Kirchhoff stress       / MPa =
        0.0012        -0.0004       -65.9968
        0.0017         0.0012        65.9969
      -65.9971        65.9975         0.0015

 ... doing gamma convolution ...............................................

 ... reporting .............................................................

 error divergence =         0.28 (9.16E+03 / m, tol =  3.30E+04)
 error stress BC  =         0.02 (1.51E+03 Pa,  tol =  6.60E+04)

 ===========================================================================

 increment 4 converged

 ... saving results ........................................................
 saving solver data required for restart
 saving field and constitutive data required for restart

 ###########################################################################
 Time  3.33333E+02s: Increment 5/15-1/1 of load case 1/1
 Increment 5/15-1/1 @ Iteration 1≤0≤100

 deformation gradient aim       =
   0.9999902   -0.0000121   -0.0018966
   0.0000000    0.9999964    0.0018577
   0.0000000    0.0000000    1.0000087

 ... evaluating constitutive response ......................................

 Piola--Kirchhoff stress       / MPa =
        0.0355        -0.0093       -82.4858
       -0.0061         0.0312        82.4875
      -82.4863        82.4884         0.0472

 ... doing gamma convolution ...............................................

 ... reporting .............................................................

 error divergence =         2.22 (9.17E+04 / m, tol =  4.12E+04)
 error stress BC  =         0.57 (4.72E+04 Pa,  tol =  8.25E+04)

 ===========================================================================
 Increment 5/15-1/1 @ Iteration 1≤1≤100

 deformation gradient aim       =
   0.9999901   -0.0000118   -0.0018968
   0.0000000    0.9999963    0.0018579
   0.0000000    0.0000000    1.0000085

 ... evaluating constitutive response ......................................

 Piola--Kirchhoff stress       / MPa =
        0.0002        -0.0008       -82.4957
        0.0025        -0.0001        82.4958
      -82.4963        82.4968        -0.0001

 ... doing gamma convolution ...............................................

 ... evaluating constitutive response ......................................

 Piola--Kirchhoff stress       / MPa =
       -0.0022        -0.0002       -82.4964
        0.0030        -0.0022        82.4964
      -82.4969        82.4974        -0.0033

 ... doing gamma convolution ...............................................

 ... reporting .............................................................

 error divergence =         0.31 (1.29E+04 / m, tol =  4.12E+04)
 error stress BC  =         0.04 (3.32E+03 Pa,  tol =  8.25E+04)

 ===========================================================================

 increment 5 converged

 ... saving results ........................................................
 saving solver data required for restart
 saving field and constitutive data required for restart

 ###########################################################################
 Time  4.00000E+02s: Increment 6/15-1/1 of load case 1/1
 Increment 6/15-1/1 @ Iteration 1≤0≤100

 deformation gradient aim       =
   0.9999879   -0.0000136   -0.0022762
   0.0000000    0.9999955    0.0022295
   0.0000000    0.0000000    1.0000098

 ... evaluating constitutive response ......................................

 Piola--Kirchhoff stress       / MPa =
        0.0616         0.0087       -98.9004
        0.0134         0.0198        98.9321
      -98.9011        98.9334         0.0496

 ... doing gamma convolution ...............................................

 ... reporting .............................................................

 error divergence =        25.33 (1.25E+06 / m, tol =  4.95E+04)
 error stress BC  =         0.96 (9.45E+04 Pa,  tol =  9.89E+04)

 ===========================================================================
 Increment 6/15-1/1 @ Iteration 1≤1≤100

 deformation gradient aim       =
   0.9999876   -0.0000138   -0.0022784
   0.0000000    0.9999956    0.0022309
   0.0000000    0.0000000    1.0000096

 ... evaluating constitutive response ......................................

 Piola--Kirchhoff stress       / MPa =
        0.0080         0.0036       -98.9715
        0.0083        -0.0060        98.9769
      -98.9723        98.9783        -0.0018

 ... doing gamma convolution ...............................................

 ... evaluating constitutive response ......................................

 Piola--Kirchhoff stress       / MPa =
       -0.0115         0.0018       -98.9972
        0.0065        -0.0156        98.9932
      -98.9981        98.9946        -0.0206

 ... doing gamma convolution ...............................................

 ... reporting .............................................................

 error divergence =         4.06 (2.01E+05 / m, tol =  4.95E+04)
 error stress BC  =         0.21 (2.06E+04 Pa,  tol =  9.90E+04)

 ===========================================================================
 Increment 6/15-1/1 @ Iteration 1≤2≤100

 deformation gradient aim       =
   0.9999875   -0.0000139   -0.0022789
   0.0000000    0.9999957    0.0022314
   0.0000000    0.0000000    1.0000097

 ... evaluating constitutive response ......................................

 Piola--Kirchhoff stress       / MPa =
       -0.0000        -0.0001       -98.9943
        0.0046        -0.0013        98.9934
      -98.9951        98.9948         0.0013

 ... doing gamma convolution ...............................................

 ... evaluating constitutive response ......................................

 Piola--Kirchhoff stress       / MPa =
       -0.0016        -0.0003       -98.9968
        0.0044        -0.0018        98.9951
      -98.9976        98.9965         0.0001

 ... doing gamma convolution ...............................................

 ... reporting .............................................................

 error divergence =         0.71 (3.49E+04 / m, tol =  4.95E+04)
 error stress BC  =         0.02 (1.82E+03 Pa,  tol =  9.90E+04)

 ===========================================================================

 increment 6 converged

 ... saving results ........................................................
 saving solver data required for restart
 saving field and constitutive data required for restart

 ###########################################################################
 Time  4.66667E+02s: Increment 7/15-1/1 of load case 1/1
 Increment 7/15-1/1 @ Iteration 1≤0≤100

 deformation gradient aim       =
   0.9999849   -0.0000161   -0.0026609
   0.0000000    0.9999952    0.0026049
   0.0000000    0.0000000    1.0000109

 ... evaluating constitutive response ......................................

 Piola--Kirchhoff stress       / MPa =
        0.0444         0.0600      -115.0616
        0.0665         0.1081       115.1047
     -115.0627       115.1065         0.0309

 ... doing gamma convolution ...............................................

 ... reporting .............................................................

 error divergence =        56.19 (3.23E+06 / m, tol =  5.76E+04)
 error stress BC  =         3.76 (4.33E+05 Pa,  tol =  1.15E+05)

 ===========================================================================
 Increment 7/15-1/1 @ Iteration 1≤1≤100

 deformation gradient aim       =
   0.9999848   -0.0000175   -0.0026708
   0.0000000    0.9999944    0.0026136
   0.0000000    0.0000000    1.0000111

 ... evaluating constitutive response ......................................

 Piola--Kirchhoff stress       / MPa =
        0.0025         0.0252      -115.3660
        0.0318         0.0164       115.3675
     -115.3671       115.3695        -0.0202

 ... doing gamma convolution ...............................................

 ... evaluating constitutive response ......................................

 Piola--Kirchhoff stress       / MPa =
       -0.0209         0.0069      -115.5296
        0.0136        -0.0329       115.5088
     -115.5307       115.5109        -0.0483

 ... doing gamma convolution ...............................................

 ... reporting .............................................................

 error divergence =        12.39 (7.16E+05 / m, tol =  5.78E+04)
 error stress BC  =         0.42 (4.83E+04 Pa,  tol =  1.16E+05)

 ===========================================================================
 Increment 7/15-1/1 @ Iteration 1≤2≤100

 deformation gradient aim       =
   0.9999847   -0.0000182   -0.0026730
   0.0000000    0.9999943    0.0026161
   0.0000000    0.0000000    1.0000116

 ... evaluating constitutive response ......................................

 Piola--Kirchhoff stress       / MPa =
        0.0011         0.0029      -115.4851
        0.0095        -0.0065       115.4846
     -115.4860       115.4866         0.0045

 ... doing gamma convolution ...............................................

 ... evaluating constitutive response ......................................

 Piola--Kirchhoff stress       / MPa =
        0.0009         0.0002      -115.5006
        0.0069        -0.0097       115.4998
     -115.5015       115.5018         0.0074

 ... doing gamma convolution ...............................................

 ... reporting .............................................................

 error divergence =         2.58 (1.49E+05 / m, tol =  5.78E+04)
 error stress BC  =         0.08 (9.74E+03 Pa,  tol =  1.16E+05)

 ===========================================================================
 Increment 7/15-1/1 @ Iteration 1≤3≤100

 deformation gradient aim       =
   0.9999847   -0.0000183   -0.0026730
   0.0000000    0.9999945    0.0026162
   0.0000000    0.0000000    1.0000114

 ... evaluating constitutive response ......................................

 Piola--Kirchhoff stress       / MPa =
        0.0017        -0.0002      -115.4946
        0.0064        -0.0019       115.4956
     -115.4956       115.4976         0.0004

 ... doing gamma convolution ...............................................

 ... evaluating constitutive response ......................................

 Piola--Kirchhoff stress       / MPa =
        0.0025        -0.0006      -115.4931
        0.0061        -0.0002       115.4952
     -115.4941       115.4972         0.0019

 ... doing gamma convolution ...............................................

 ... reporting .............................................................

 error divergence =         0.63 (3.62E+04 / m, tol =  5.77E+04)
 error stress BC  =         0.02 (2.49E+03 Pa,  tol =  1.15E+05)

 ===========================================================================

 increment 7 converged

 ... saving results ........................................................
 saving solver data required for restart
 saving field and constitutive data required for restart

 ###########################################################################
 Time  5.33333E+02s: Increment 8/15-1/1 of load case 1/1
 Increment 8/15-1/1 @ Iteration 1≤0≤100

 deformation gradient aim       =
   0.9999819   -0.0000226   -0.0030672
   0.0000000    0.9999934    0.0030010
   0.0000000    0.0000000    1.0000131

 ... evaluating constitutive response ......................................

 Piola--Kirchhoff stress       / MPa =
       -0.0758         0.1018      -130.7488
        0.1100         0.3736       130.6172
     -130.7504       130.6203        -0.1237

 ... doing gamma convolution ...............................................

 ... reporting .............................................................

 error divergence =        98.95 (6.47E+06 / m, tol =  6.54E+04)
 error stress BC  =        10.52 (1.38E+06 Pa,  tol =  1.31E+05)

 ===========================================================================
 Increment 8/15-1/1 @ Iteration 1≤1≤100

 deformation gradient aim       =
   0.9999832   -0.0000252   -0.0030970
   0.0000000    0.9999892    0.0030329
   0.0000000    0.0000000    1.0000151

 ... evaluating constitutive response ......................................

 Piola--Kirchhoff stress       / MPa =
       -0.0458         0.0456      -131.6069
        0.0538         0.1301       131.5212
     -131.6081       131.5250        -0.0966

 ... doing gamma convolution ...............................................

 ... evaluating constitutive response ......................................

 Piola--Kirchhoff stress       / MPa =
       -0.0271         0.0075      -132.1833
        0.0156        -0.0330       132.1274
     -132.1842       132.1316        -0.0811

 ... doing gamma convolution ...............................................

 ... reporting .............................................................

 error divergence =        33.74 (2.23E+06 / m, tol =  6.61E+04)
 error stress BC  =         1.44 (1.90E+05 Pa,  tol =  1.32E+05)

 ===========================================================================
 Increment 8/15-1/1 @ Iteration 1≤2≤100

 deformation gradient aim       =
   0.9999837   -0.0000265   -0.0031018
   0.0000000    0.9999876    0.0030407
   0.0000000    0.0000000    1.0000167

 ... evaluating constitutive response ......................................

 Piola--Kirchhoff stress       / MPa =
       -0.0125         0.0221      -131.9090
        0.0301         0.0134       131.9059
     -131.9097       131.9099        -0.0055

 ... doing gamma convolution ...............................................

 ... evaluating constitutive response ......................................

 Piola--Kirchhoff stress       / MPa =
       -0.0056         0.0176      -131.9661
        0.0256        -0.0101       131.9818
     -131.9668       131.9860         0.0153

 ... doing gamma convolution ...............................................

 ... reporting .............................................................

 error divergence =         9.92 (6.55E+05 / m, tol =  6.60E+04)
 error stress BC  =         0.21 (2.72E+04 Pa,  tol =  1.32E+05)

 ===========================================================================
 Increment 8/15-1/1 @ Iteration 1≤3≤100

 deformation gradient aim       =
   0.9999839   -0.0000274   -0.0031044
   0.0000000    0.9999876    0.0030430
   0.0000000    0.0000000    1.0000166

