
 <<<+-  parallelization init  -+>>>

 Open MPI v4.1.6, package: Debian OpenMPI, ident: 4.1.6, repo rev: v4.1.6, Sep 30, 2023
 MPI standard: 3.1
 OpenMP version: 201511

 MPI processes: 1
 Could not get $OMP_NUM_THREADS, using default
 OMP_NUM_THREADS: 4

 <<<+-  CLI init  -+>>>

     _/_/_/      _/_/    _/      _/    _/_/      _/_/_/  _/    _/    _/_/_/
    _/    _/  _/    _/  _/_/  _/_/  _/    _/  _/        _/  _/            _/
   _/    _/  _/_/_/_/  _/  _/  _/  _/_/_/_/    _/_/    _/_/          _/_/
  _/    _/  _/    _/  _/      _/  _/    _/        _/  _/  _/            _/
 _/_/_/    _/    _/  _/      _/  _/    _/  _/_/_/    _/    _/    _/_/_/
 Grid solver

 F. Roters et al., Computational Materials Science 158:420–478, 2019
 https://doi.org/10.1016/j.commatsci.2018.04.030

 S. Balay et al., PETSc/TAO User Manual Revision 3.19
 https://doi.org/10.2172/1968587

 Version: v3.0.1

 Compiled with: GCC version 13.3.0
 Compiled on: Linux-6.8.0-51-generic
 Compiler options: -cpp -I /usr/lib/petscdir/petsc3.19/x86_64-linux-gnu-real/include -I /usr/include/hypre -I /usr/include/suitesparse -I /usr/include/superlu -I /usr/include/superlu-dist -I /usr/include/trilinos -I /usr/include/scotch -I /usr/include/hdf5/openmpi -I /usr/include/hdf5/serial -I /usr/include -I /usr/lib/x86_64-linux-gnu/openmpi/lib/../../fortran/gfortran-mod-15/openmpi -I /usr/lib/x86_64-linux-gnu/openmpi/lib -imultiarch x86_64-linux-gnu -D_REENTRANT -D CMAKE_SYSTEM="Linux-6.8.0-51-generic" -D DAMASKVERSION="v3.0.1" -D FYAML -D GRID -D PETSC --param=l1-cache-size=32 --param=l1-cache-line-size=64 --param=l2-cache-size=512 -mtune=znver2 -mno-omit-leaf-frame-pointer -march=x86-64 -g -O2 -O2 -Wall -Wextra -Wcharacter-truncation -Wunderflow -Wsuggest-attribute=pure -Wsuggest-attribute=noreturn -Wconversion-extra -Wunused-parameter -std=f2018 -fno-omit-frame-pointer -ffile-prefix-map=/build/damask-XEckOy/damask-3.0.1=. -flto=auto -ffat-lto-objects -fstack-protector-strong -fstack-clash-protection -fcf-protection=full -fdebug-prefix-map=/build/damask-XEckOy/damask-3.0.1=/usr/src/damask-3.0.1-6~noble -fopenmp -fPIE -ffree-line-length-none -fimplicit-none -fallow-argument-mismatch -ffpe-summary=all -fpre-include=/usr/include/finclude/x86_64-linux-gnu/math-vector-fortran.h

 Compiled on: Jan 14 2025 at 07:40:31

 PETSc version: 3.19.6

 Date: 14/11/2025
 Time: 23:08:01

 Host name: UT170340
 User name: vincent

 Command line call:      DAMASK_grid --geom /home/vincent/local_Homogenization_for_Damask/projects/template_yield_surface_postprocessing_only/input_files/Polycrystal_25_5x5x5.vti --load /home/vincent/local_Homogenization_for_Damask/projects/template_yield_surface_postprocessing_only/damask_files/yield_surface/tensile_x_y_q1_0/LOADCASE.yaml --material /home/vincent/local_Homogenization_for_Damask/projects/template_yield_surface_postprocessing_only/input_files/titanium_assigned.yaml --numerics /home/vincent/local_Homogenization_for_Damask/projects/template_yield_surface_postprocessing_only/damask_files/yield_surface/tensile_x_y_q1_0/NUMERICS.yaml --jobname template_yield_surface_postprocessing_only --workingdirectory /home/vincent/local_Homogenization_for_Damask/projects/template_yield_surface_postprocessing_only/damask_files/yield_surface/tensile_x_y_q1_0

 Working directory:      /home/vincent/local_Homogenization_for_Damask/projects/template_yield_surface_postprocessing_only/damask_files/yield_surface/tensile_x_y_q1_0
 Geometry:               ../../../input_files/Polycrystal_25_5x5x5.vti <-- /home/vincent/local_Homogenization_for_Damask/projects/template_yield_surface_postprocessing_only/input_files/Polycrystal_25_5x5x5.vti
 Load case:              LOADCASE.yaml <-- /home/vincent/local_Homogenization_for_Damask/projects/template_yield_surface_postprocessing_only/damask_files/yield_surface/tensile_x_y_q1_0/LOADCASE.yaml
 Material config:        ../../../input_files/titanium_assigned.yaml <-- /home/vincent/local_Homogenization_for_Damask/projects/template_yield_surface_postprocessing_only/input_files/titanium_assigned.yaml
 Numerics config:        NUMERICS.yaml <-- /home/vincent/local_Homogenization_for_Damask/projects/template_yield_surface_postprocessing_only/damask_files/yield_surface/tensile_x_y_q1_0/NUMERICS.yaml
 Solver job name:        template_yield_surface_postprocessing_only

 <<<+-  system_routines init  -+>>>

 <<<+-  prec init  -+>>>

 integer size / bit:   32
   maximum value:              2147483647

 real size / bit:      64
   maximum value:      0.180+309
   minimum value:      0.223-307
   epsilon value:      0.222E-15
   decimal precision:  15

 <<<+-  misc init  -+>>>

 <<<+-  IO init  -+>>>

 <<<+-  base64 init  -+>>>

 <<<+-  types init  -+>>>

 <<<+-  YAML init  -+>>>

 libfyaml powered

 <<<+-  HDF5_utilities init  -+>>>

 <<<+-  result init  -+>>>

 M. Diehl et al., Integrating Materials and Manufacturing Innovation 6(1):83–91, 2017
 https://doi.org/10.1007/s40192-017-0084-5

 <<<+-  config init  -+>>>

 reading material configuration

 reading numerics configuration

 <<<+-  math init  -+>>>

 size  of random seed:      8
 value of random seed:       1393035694  -103678695  -657949792  1318733957 -1251001415  -852617091  -441869709 -2070861347
 start of random sequence: 
                           0.84941472340416
                           0.01465505348977
                           0.27684098163595
                           0.04395812058110

 <<<+-  rotations init  -+>>>

 D. Rowenhorst et al., Modelling and Simulation in Materials Science and Engineering 23:083501, 2015
 https://doi.org/10.1088/0965-0393/23/8/083501

 <<<+-  polynomials init  -+>>>

 <<<+-  tables init  -+>>>

 <<<+-  crystal init  -+>>>

 <<<+-  discretization_grid init  -+>>>

 cells:  5 × 5 × 5
 size:   1.00E-05 × 1.00E-05 × 1.00E-05 m³
 origin:  0.00E+00  0.00E+00  0.00E+00 m

 <<<+-  discretization init  -+>>>

 <<<+-  material init  -+>>>

 parsed material.yaml

 <<<+-  phase init  -+>>>

 phase 1: A

 references:
   - https://www.totalmateria.com/page.aspx?ID=CheckArticle&site=ktn&NM=221
   - https://en.wikipedia.org/wiki/Titanium

 <<<+-  phase:mechanical init  -+>>>

 <<<+-  phase:mechanical:elastic init  -+>>>

 <<<+-  phase:mechanical:elastic:Hooke init  -+>>>

 # phases: 1

 phase 1: A

 references:
   - E.S. Fisher and C.J. Renken, Physical Review 135(2A):A482-A494, 1964,
     https://doi.org/10.1103/PhysRev.135.A482, fit to Tab. IV (T_min=77K, 
     T_max=923K) 

 <<<+-  phase:mechanical:plasticity init  -+>>>

 <<<+-  phase:mechanical:plastic:phenopowerlaw init  -+>>>

 # phases: 1

 phase 1: A

 references:
   - C. Zambaldi et al., Journal of Materials Research 27(1):356-367, 2021,
     https://doi.org/10.1557/jmr.2011.334 
   - L. Wang et al., Acta Materialia 132:598-610, 2017,
     https://doi.org/10.1016/j.actamat.2017.05.015 

 <<<+-  phase:mechanical:eigen init  -+>>>

 <<<+-  phase:damage init  -+>>>

 <<<+-  phase:thermal init  -+>>>

 <<<+-  homogenization init  -+>>>

 <<<+-  homogenization:mechanical init  -+>>>

 <<<+-  homogenization:mechanical:pass init  -+>>>

 # homogenizations: 1

 <<<+-  homogenization:thermal init  -+>>>

 <<<+-  homogenization:damage init  -+>>>

 <<<+-  homogenization:damage:pass init  -+>>>

 <<<+-  materialpoint init  -+>>>

 deallocating material configuration

 <<<+-  DAMASK_grid init  -+>>>

 P. Shanthraj et al., Handbook of Mechanics of Materials, 2019
 https://doi.org/10.1007/978-981-10-6855-3_80

 <<<+-  spectral_utilities init  -+>>>

 M. Diehl, Diploma Thesis TU München, 2010
 https://doi.org/10.13140/2.1.3234.3840

 P. Eisenlohr et al., International Journal of Plasticity 46:37–53, 2013
 https://doi.org/10.1016/j.ijplas.2012.09.012

 P. Shanthraj et al., International Journal of Plasticity 66:31–45, 2015
 https://doi.org/10.1016/j.ijplas.2014.02.006

 P. Shanthraj et al., Handbook of Mechanics of Materials, 2019
 https://doi.org/10.1007/978-981-10-6855-3_80

 M. Frigo and S.G. Johnson, Proceedings of the IEEE 93(2):216–231, 2005
 https://doi.org/10.1109/jproc.2004.840301

 FFTW initialized

 <<<+-  grid_mechanical_spectral_basic init  -+>>>

 P. Eisenlohr et al., International Journal of Plasticity 46:37–53, 2013
 https://doi.org/10.1016/j.ijplas.2012.09.012

 P. Shanthraj et al., International Journal of Plasticity 66:31–45, 2015
 https://doi.org/10.1016/j.ijplas.2014.02.006

 ... evaluating constitutive response ......................................

 Piola--Kirchhoff stress       / MPa =
        0.0000         0.0000         0.0000
        0.0000         0.0000        -0.0000
        0.0000        -0.0000         0.0000

 deallocating numerics configuration

 ... saving initial configuration ..........................................

 load case: 1
  estimate_rate: F
  F:
       x             x             x      
     0.0000000       x             x      
     0.0000000     0.0000000       x      
  P / MPa:
        0.0000        0.0000        0.0000
       x            600.0000        0.0000
       x             x              0.0000
  r: 1 (constant step width)
  t: 1000.000
  N: 15
  f_out: 1
  f_restart: 1

 ###########################################################################
 Time  6.66667E+01s: Increment 1/15-1/1 of load case 1/1
 Increment 1/15-1/1 @ Iteration 1≤0≤100

 deformation gradient aim       =
   1.0000000    0.0000000    0.0000000
   0.0000000    1.0000000    0.0000000
   0.0000000    0.0000000    1.0000000

 ... evaluating constitutive response ......................................

 Piola--Kirchhoff stress       / MPa =
       -0.0000         0.0000         0.0000
        0.0000        -0.0000        -0.0000
        0.0000        -0.0000        -0.0000

 ... doing gamma convolution ...............................................

 ... reporting .............................................................

 error divergence =         1.24 (1.24E-04 / m, tol =  1.00E-04)
 error stress BC  =     40000.00 (4.00E+07 Pa,  tol =  1.00E+03)

 ===========================================================================
 Increment 1/15-1/1 @ Iteration 1≤1≤100

 deformation gradient aim       =
   0.9998795    0.0000030    0.0000029
   0.0000000    1.0003480    0.0000012
   0.0000000    0.0000000    0.9998967

 ... evaluating constitutive response ......................................

 Piola--Kirchhoff stress       / MPa =
        0.0065         0.0001        -0.0000
       -0.0000        40.0249         0.0000
       -0.0000         0.0000         0.0061

 ... doing gamma convolution ...............................................

 ... evaluating constitutive response ......................................

 Piola--Kirchhoff stress       / MPa =
        0.0061         0.0001        -0.0000
       -0.0000        39.0154         0.0000
       -0.0000         0.0000         0.0058

 ... doing gamma convolution ...............................................

 ... reporting .............................................................

 error divergence =       376.15 (7.34E+06 / m, tol =  1.95E+04)
 error stress BC  =        25.24 (9.85E+05 Pa,  tol =  3.90E+04)

 ===========================================================================
 Increment 1/15-1/1 @ Iteration 1≤2≤100

 deformation gradient aim       =
   0.9998766    0.0000031    0.0000029
   0.0000000    1.0003564    0.0000013
   0.0000000    0.0000000    0.9998941

 ... evaluating constitutive response ......................................

 Piola--Kirchhoff stress       / MPa =
        0.2052         0.0394         0.0218
        0.0393        39.6189         0.0058
        0.0218         0.0058         0.1615

 ... doing gamma convolution ...............................................

 ... evaluating constitutive response ......................................

 Piola--Kirchhoff stress       / MPa =
        0.2056         0.0395         0.0218
        0.0394        40.1516         0.0058
        0.0218         0.0058         0.1618

 ... doing gamma convolution ...............................................

 ... reporting .............................................................

 error divergence =        48.04 (9.64E+05 / m, tol =  2.01E+04)
 error stress BC  =         5.12 (2.06E+05 Pa,  tol =  4.02E+04)

 ===========================================================================
 Increment 1/15-1/1 @ Iteration 1≤3≤100

 deformation gradient aim       =
   0.9998731    0.0000013    0.0000020
   0.0000000    1.0003605    0.0000011
   0.0000000    0.0000000    0.9998919

 ... evaluating constitutive response ......................................

 Piola--Kirchhoff stress       / MPa =
       -0.0032         0.0020        -0.0006
        0.0019        39.9927         0.0034
       -0.0006         0.0034         0.0111

 ... doing gamma convolution ...............................................

 ... evaluating constitutive response ......................................

 Piola--Kirchhoff stress       / MPa =
        0.0025         0.0031        -0.0000
        0.0030        40.0070         0.0035
       -0.0000         0.0035         0.0154

 ... doing gamma convolution ...............................................

 ... reporting .............................................................

 error divergence =         6.68 (1.34E+05 / m, tol =  2.00E+04)
 error stress BC  =         0.39 (1.54E+04 Pa,  tol =  4.00E+04)

 ===========================================================================
 Increment 1/15-1/1 @ Iteration 1≤4≤100

 deformation gradient aim       =
   0.9998732    0.0000012    0.0000020
   0.0000000    1.0003605    0.0000009
   0.0000000    0.0000000    0.9998917

 ... evaluating constitutive response ......................................

 Piola--Kirchhoff stress       / MPa =
       -0.0001         0.0005         0.0004
        0.0005        40.0003         0.0003
        0.0004         0.0003         0.0001

 ... doing gamma convolution ...............................................

 ... evaluating constitutive response ......................................

 Piola--Kirchhoff stress       / MPa =
       -0.0034        -0.0000         0.0000
       -0.0001        39.9974         0.0003
        0.0000         0.0003        -0.0021

 ... doing gamma convolution ...............................................

 ... reporting .............................................................

 error divergence =         0.94 (1.88E+04 / m, tol =  2.00E+04)
 error stress BC  =         0.09 (3.43E+03 Pa,  tol =  4.00E+04)

 ===========================================================================

 increment 1 converged

 ... saving results ........................................................
 saving solver data required for restart
 saving field and constitutive data required for restart

 ###########################################################################
 Time  1.33333E+02s: Increment 2/15-1/1 of load case 1/1
 Increment 2/15-1/1 @ Iteration 1≤0≤100

 deformation gradient aim       =
   0.9997465    0.0000023    0.0000040
   0.0000000    1.0007211    0.0000018
   0.0000000    0.0000000    0.9997834

 ... evaluating constitutive response ......................................

 Piola--Kirchhoff stress       / MPa =
       -0.3999        -0.0839        -0.0428
       -0.0842        81.6991        -0.0191
       -0.0428        -0.0190        -0.3423

 ... doing gamma convolution ...............................................

 ... reporting .............................................................

 error divergence =         9.46 (3.86E+05 / m, tol =  4.08E+04)
 error stress BC  =        20.80 (1.70E+06 Pa,  tol =  8.17E+04)

 ===========================================================================
 Increment 2/15-1/1 @ Iteration 1≤1≤100

 deformation gradient aim       =
   0.9997542    0.0000041    0.0000048
   0.0000000    1.0007042    0.0000021
   0.0000000    0.0000000    0.9997896

 ... evaluating constitutive response ......................................

 Piola--Kirchhoff stress       / MPa =
        0.0101         0.0037         0.0019
        0.0034        79.9776         0.0005
        0.0019         0.0005         0.0077

 ... doing gamma convolution ...............................................

 ... evaluating constitutive response ......................................

 Piola--Kirchhoff stress       / MPa =
       -0.0153        -0.0017        -0.0009
       -0.0021        80.0844        -0.0007
       -0.0009        -0.0007        -0.0140

 ... doing gamma convolution ...............................................

 ... reporting .............................................................

 error divergence =         8.86 (3.55E+05 / m, tol =  4.00E+04)
 error stress BC  =         1.05 (8.44E+04 Pa,  tol =  8.01E+04)

 ===========================================================================
 Increment 2/15-1/1 @ Iteration 1≤2≤100

 deformation gradient aim       =
   0.9997544    0.0000040    0.0000048
   0.0000000    1.0007036    0.0000021
   0.0000000    0.0000000    0.9997898

 ... evaluating constitutive response ......................................

 Piola--Kirchhoff stress       / MPa =
       -0.0106        -0.0031        -0.0018
       -0.0035        80.0182        -0.0003
       -0.0018        -0.0003        -0.0071

 ... doing gamma convolution ...............................................

 ... evaluating constitutive response ......................................

 Piola--Kirchhoff stress       / MPa =
       -0.0057        -0.0021        -0.0013
       -0.0024        79.9971        -0.0001
       -0.0013        -0.0001        -0.0029

 ... doing gamma convolution ...............................................

 ... reporting .............................................................

 error divergence =         1.23 (4.92E+04 / m, tol =  4.00E+04)
 error stress BC  =         0.07 (5.75E+03 Pa,  tol =  8.00E+04)

 ===========================================================================
 Increment 2/15-1/1 @ Iteration 1≤3≤100

 deformation gradient aim       =
   0.9997545    0.0000042    0.0000049
   0.0000000    1.0007034    0.0000021
   0.0000000    0.0000000    0.9997898

 ... evaluating constitutive response ......................................

 Piola--Kirchhoff stress       / MPa =
        0.0000        -0.0001         0.0000
       -0.0004        80.0006        -0.0002
        0.0000        -0.0002        -0.0007

 ... doing gamma convolution ...............................................

 ... evaluating constitutive response ......................................

 Piola--Kirchhoff stress       / MPa =
       -0.0000        -0.0002        -0.0000
       -0.0005        79.9997        -0.0002
       -0.0000        -0.0001        -0.0006

 ... doing gamma convolution ...............................................

 ... reporting .............................................................

 error divergence =         0.17 (6.73E+03 / m, tol =  4.00E+04)
 error stress BC  =         0.01 (6.39E+02 Pa,  tol =  8.00E+04)

 ===========================================================================

 increment 2 converged

 ... saving results ........................................................
 saving solver data required for restart
 saving field and constitutive data required for restart

 ###########################################################################
 Time  2.00000E+02s: Increment 3/15-1/1 of load case 1/1
 Increment 3/15-1/1 @ Iteration 1≤0≤100

 deformation gradient aim       =
   0.9996358    0.0000072    0.0000078
   0.0000000    1.0010463    0.0000034
   0.0000000    0.0000000    0.9996880

 ... evaluating constitutive response ......................................

 Piola--Kirchhoff stress       / MPa =
        0.2606         0.0497         0.0254
        0.0489       119.0664         0.0113
        0.0254         0.0113         0.2241

 ... doing gamma convolution ...............................................

 ... reporting .............................................................

 error divergence =         3.86 (2.30E+05 / m, tol =  5.95E+04)
 error stress BC  =         7.84 (9.34E+05 Pa,  tol =  1.19E+05)

 ===========================================================================
 Increment 3/15-1/1 @ Iteration 1≤1≤100

 deformation gradient aim       =
   0.9996314    0.0000061    0.0000073
   0.0000000    1.0010558    0.0000032
   0.0000000    0.0000000    0.9996844

 ... evaluating constitutive response ......................................

 Piola--Kirchhoff stress       / MPa =
       -0.0063        -0.0023        -0.0012
       -0.0030       120.0133        -0.0004
       -0.0012        -0.0004        -0.0046

 ... doing gamma convolution ...............................................

 ... evaluating constitutive response ......................................

 Piola--Kirchhoff stress       / MPa =
        0.0108         0.0010         0.0005
        0.0003       119.9526         0.0004
        0.0005         0.0004         0.0100

 ... doing gamma convolution ...............................................

 ... reporting .............................................................

 error divergence =         3.34 (2.00E+05 / m, tol =  6.00E+04)
 error stress BC  =         0.39 (4.74E+04 Pa,  tol =  1.20E+05)

 ===========================================================================
 Increment 3/15-1/1 @ Iteration 1≤2≤100

 deformation gradient aim       =
   0.9996312    0.0000062    0.0000073
   0.0000000    1.0010561    0.0000032
   0.0000000    0.0000000    0.9996843

 ... evaluating constitutive response ......................................

 Piola--Kirchhoff stress       / MPa =
        0.0061         0.0018         0.0010
        0.0010       119.9898         0.0002
        0.0010         0.0002         0.0040

 ... doing gamma convolution ...............................................

 ... evaluating constitutive response ......................................

 Piola--Kirchhoff stress       / MPa =
        0.0029         0.0012         0.0007
        0.0004       120.0012         0.0000
        0.0007         0.0000         0.0012

 ... doing gamma convolution ...............................................

 ... reporting .............................................................

 error divergence =         0.47 (2.79E+04 / m, tol =  6.00E+04)
 error stress BC  =         0.02 (2.92E+03 Pa,  tol =  1.20E+05)

 ===========================================================================

 increment 3 converged

 ... saving results ........................................................
 saving solver data required for restart
 saving field and constitutive data required for restart

 ###########################################################################
 Time  2.66667E+02s: Increment 4/15-1/1 of load case 1/1
 Increment 4/15-1/1 @ Iteration 1≤0≤100

 deformation gradient aim       =
   0.9995077    0.0000080    0.0000096
   0.0000000    1.0014090    0.0000042
   0.0000000    0.0000000    0.9995787

 ... evaluating constitutive response ......................................

 Piola--Kirchhoff stress       / MPa =
       -0.0332        -0.0079        -0.0043
       -0.0092       160.2220        -0.0016
       -0.0043        -0.0016        -0.0259

 ... doing gamma convolution ...............................................

 ... reporting .............................................................

 error divergence =         0.99 (7.95E+04 / m, tol =  8.01E+04)
 error stress BC  =         1.39 (2.22E+05 Pa,  tol =  1.60E+05)

 ===========================================================================
 Increment 4/15-1/1 @ Iteration 1≤1≤100

 deformation gradient aim       =
   0.9995086    0.0000082    0.0000097
   0.0000000    1.0014070    0.0000042
   0.0000000    0.0000000    0.9995794

 ... evaluating constitutive response ......................................

 Piola--Kirchhoff stress       / MPa =
        0.0010         0.0006         0.0002
       -0.0008       159.9969         0.0002
        0.0002         0.0002         0.0016

 ... doing gamma convolution ...............................................

 ... evaluating constitutive response ......................................

 Piola--Kirchhoff stress       / MPa =
       -0.0008         0.0001        -0.0000
       -0.0012       160.0091         0.0001
       -0.0000         0.0001         0.0001

 ... doing gamma convolution ...............................................

 ... reporting .............................................................

 error divergence =         0.50 (3.99E+04 / m, tol =  8.00E+04)
 error stress BC  =         0.06 (9.11E+03 Pa,  tol =  1.60E+05)

 ===========================================================================

 increment 4 converged

 ... saving results ........................................................
 saving solver data required for restart
 saving field and constitutive data required for restart

 ###########################################################################
 Time  3.33333E+02s: Increment 5/15-1/1 of load case 1/1
 Increment 5/15-1/1 @ Iteration 1≤0≤100

 deformation gradient aim       =
   0.9993861    0.0000102    0.0000121
   0.0000000    1.0017576    0.0000053
   0.0000000    0.0000000    0.9994745

 ... evaluating constitutive response ......................................

 Piola--Kirchhoff stress       / MPa =
        0.0349         0.0029         0.0014
        0.0009       199.9778         0.0008
        0.0014         0.0008         0.0263

 ... doing gamma convolution ...............................................

 ... reporting .............................................................

 error divergence =         1.00 (9.99E+04 / m, tol =  1.00E+05)
 error stress BC  =         0.17 (3.49E+04 Pa,  tol =  2.00E+05)

 ===========================================================================
 Increment 5/15-1/1 @ Iteration 1≤1≤100

 deformation gradient aim       =
   0.9993858    0.0000102    0.0000121
   0.0000000    1.0017579    0.0000053
   0.0000000    0.0000000    0.9994743

 ... evaluating constitutive response ......................................

 Piola--Kirchhoff stress       / MPa =
       -0.0024        -0.0007        -0.0002
       -0.0028       200.0042         0.0001
       -0.0002         0.0001        -0.0015

 ... doing gamma convolution ...............................................

 ... evaluating constitutive response ......................................

 Piola--Kirchhoff stress       / MPa =
        0.0014        -0.0004        -0.0001
       -0.0024       200.0015         0.0002
       -0.0001         0.0002         0.0013

 ... doing gamma convolution ...............................................

 ... reporting .............................................................

 error divergence =         0.13 (1.35E+04 / m, tol =  1.00E+05)
 error stress BC  =         0.01 (1.50E+03 Pa,  tol =  2.00E+05)

 ===========================================================================

 increment 5 converged

 ... saving results ........................................................
 saving solver data required for restart
 saving field and constitutive data required for restart

 ###########################################################################
 Time  4.00000E+02s: Increment 6/15-1/1 of load case 1/1
 Increment 6/15-1/1 @ Iteration 1≤0≤100

 deformation gradient aim       =
   0.9992631    0.0000122    0.0000145
   0.0000000    1.0021089    0.0000063
   0.0000000    0.0000000    0.9993693

 ... evaluating constitutive response ......................................

 Piola--Kirchhoff stress       / MPa =
        0.2159         0.0183         0.0083
        0.0154       239.7474         0.0203
        0.0083         0.0203         0.1022

 ... doing gamma convolution ...............................................

 ... reporting .............................................................

 error divergence =        11.34 (1.36E+06 / m, tol =  1.20E+05)
 error stress BC  =         1.05 (2.53E+05 Pa,  tol =  2.40E+05)

 ===========================================================================
 Increment 6/15-1/1 @ Iteration 1≤1≤100

 deformation gradient aim       =
   0.9992607    0.0000118    0.0000144
   0.0000000    1.0021120    0.0000059
   0.0000000    0.0000000    0.9993683

 ... evaluating constitutive response ......................................

 Piola--Kirchhoff stress       / MPa =
        0.0452         0.0059         0.0073
        0.0031       239.9276         0.0092
        0.0073         0.0091         0.0278

 ... doing gamma convolution ...............................................

 ... evaluating constitutive response ......................................

 Piola--Kirchhoff stress       / MPa =
       -0.0126         0.0018         0.0069
       -0.0010       239.9888         0.0052
        0.0069         0.0052         0.0024

 ... doing gamma convolution ...............................................

 ... reporting .............................................................

 error divergence =         1.85 (2.22E+05 / m, tol =  1.20E+05)
 error stress BC  =         0.05 (1.26E+04 Pa,  tol =  2.40E+05)

 ===========================================================================
 Increment 6/15-1/1 @ Iteration 1≤2≤100

 deformation gradient aim       =
   0.9992603    0.0000117    0.0000141
   0.0000000    1.0021129    0.0000055
   0.0000000    0.0000000    0.9993680

 ... evaluating constitutive response ......................................

 Piola--Kirchhoff stress       / MPa =
        0.0009         0.0010        -0.0007
       -0.0018       239.9981         0.0005
       -0.0007         0.0005         0.0007

 ... doing gamma convolution ...............................................

 ... evaluating constitutive response ......................................

 Piola--Kirchhoff stress       / MPa =
       -0.0046         0.0005        -0.0010
       -0.0023       240.0047         0.0001
       -0.0010         0.0001        -0.0018

 ... doing gamma convolution ...............................................

 ... reporting .............................................................

 error divergence =         0.32 (3.87E+04 / m, tol =  1.20E+05)
 error stress BC  =         0.02 (4.66E+03 Pa,  tol =  2.40E+05)

 ===========================================================================

 increment 6 converged

 ... saving results ........................................................
 saving solver data required for restart
 saving field and constitutive data required for restart

 ###########################################################################
 Time  4.66667E+02s: Increment 7/15-1/1 of load case 1/1
 Increment 7/15-1/1 @ Iteration 1≤0≤100

 deformation gradient aim       =
   0.9991347    0.0000130    0.0000161
   0.0000000    1.0024678    0.0000058
   0.0000000    0.0000000    0.9992616

 ... evaluating constitutive response ......................................

 Piola--Kirchhoff stress       / MPa =
        1.3545         0.0389         0.0244
        0.0354       278.0973         0.1331
        0.0243         0.1325         0.5945

 ... doing gamma convolution ...............................................

 ... reporting .............................................................

 error divergence =        44.99 (6.26E+06 / m, tol =  1.39E+05)
 error stress BC  =         6.84 (1.90E+06 Pa,  tol =  2.78E+05)

 ===========================================================================
 Increment 7/15-1/1 @ Iteration 1≤1≤100

 deformation gradient aim       =
   0.9991182    0.0000123    0.0000157
   0.0000000    1.0024905    0.0000030
   0.0000000    0.0000000    0.9992551

 ... evaluating constitutive response ......................................

 Piola--Kirchhoff stress       / MPa =
        0.4811         0.0255         0.0451
        0.0221       279.2681         0.0744
        0.0451         0.0741         0.2383

 ... doing gamma convolution ...............................................

 ... evaluating constitutive response ......................................

 Piola--Kirchhoff stress       / MPa =
       -0.1687         0.0159         0.0613
        0.0127       280.1365         0.0319
        0.0613         0.0318        -0.0270

 ... doing gamma convolution ...............................................

 ... reporting .............................................................

 error divergence =        13.13 (1.84E+06 / m, tol =  1.40E+05)
 error stress BC  =         0.60 (1.69E+05 Pa,  tol =  2.80E+05)

 ===========================================================================
 Increment 7/15-1/1 @ Iteration 1≤2≤100

 deformation gradient aim       =
   0.9991141    0.0000114    0.0000134
   0.0000000    1.0024974    0.0000007
   0.0000000    0.0000000    0.9992526

 ... evaluating constitutive response ......................................

 Piola--Kirchhoff stress       / MPa =
        0.0418         0.0104         0.0019
        0.0073       279.9353         0.0109
        0.0019         0.0108         0.0196

 ... doing gamma convolution ...............................................

 ... evaluating constitutive response ......................................

 Piola--Kirchhoff stress       / MPa =
        0.0016         0.0082        -0.0082
        0.0051       280.0055         0.0012
       -0.0082         0.0012        -0.0050

 ... doing gamma convolution ...............................................

 ... reporting .............................................................

 error divergence =         4.34 (6.08E+05 / m, tol =  1.40E+05)
 error stress BC  =         0.03 (8.19E+03 Pa,  tol =  2.80E+05)

 ===========================================================================
 Increment 7/15-1/1 @ Iteration 1≤3≤100

 deformation gradient aim       =
   0.9991136    0.0000109    0.0000135
   0.0000000    1.0024981    0.0000004
   0.0000000    0.0000000    0.9992524

 ... evaluating constitutive response ......................................

 Piola--Kirchhoff stress       / MPa =
       -0.0041         0.0007         0.0032
       -0.0024       280.0086         0.0029
        0.0032         0.0029        -0.0037

 ... doing gamma convolution ...............................................

 ... evaluating constitutive response ......................................

 Piola--Kirchhoff stress       / MPa =
        0.0133        -0.0029        -0.0004
       -0.0060       279.9942         0.0002
       -0.0004         0.0002        -0.0005

 ... doing gamma convolution ...............................................

 ... reporting .............................................................

 error divergence =         1.15 (1.60E+05 / m, tol =  1.40E+05)
 error stress BC  =         0.05 (1.33E+04 Pa,  tol =  2.80E+05)

 ===========================================================================
 Increment 7/15-1/1 @ Iteration 1≤4≤100

 deformation gradient aim       =
   0.9991135    0.0000110    0.0000134
   0.0000000    1.0024981    0.0000004
   0.0000000    0.0000000    0.9992525

 ... evaluating constitutive response ......................................

 Piola--Kirchhoff stress       / MPa =
        0.0001         0.0001         0.0003
       -0.0030       279.9996        -0.0005
        0.0003        -0.0005         0.0002

 ... doing gamma convolution ...............................................

 ... evaluating constitutive response ......................................

 Piola--Kirchhoff stress       / MPa =
       -0.0015        -0.0002         0.0008
       -0.0033       280.0002        -0.0008
        0.0008        -0.0008         0.0005

 ... doing gamma convolution ...............................................

 ... reporting .............................................................

 error divergence =         0.26 (3.61E+04 / m, tol =  1.40E+05)
 error stress BC  =         0.01 (1.47E+03 Pa,  tol =  2.80E+05)

 ===========================================================================

 increment 7 converged

 ... saving results ........................................................
 saving solver data required for restart
 saving field and constitutive data required for restart

 ###########################################################################
 Time  5.33333E+02s: Increment 8/15-1/1 of load case 1/1
 Increment 8/15-1/1 @ Iteration 1≤0≤100

 deformation gradient aim       =
   0.9989667    0.0000104    0.0000128
   0.0000000    1.0028833   -0.0000047
   0.0000000    0.0000000    0.9991370

 ... evaluating constitutive response ......................................

 Piola--Kirchhoff stress       / MPa =
        3.4391        -0.0198        -0.1735
       -0.0232       315.0412         0.3578
       -0.1737         0.3564         1.4766

 ... doing gamma convolution ...............................................

 ... reporting .............................................................

 error divergence =        53.78 (8.47E+06 / m, tol =  1.58E+05)
 error stress BC  =        15.74 (4.96E+06 Pa,  tol =  3.15E+05)

 ===========================================================================
 Increment 8/15-1/1 @ Iteration 1≤1≤100

 deformation gradient aim       =
   0.9989194    0.0000115    0.0000174
   0.0000000    1.0029486   -0.0000132
   0.0000000    0.0000000    0.9991189

 ... evaluating constitutive response ......................................

 Piola--Kirchhoff stress       / MPa =
        0.8991         0.0043        -0.0473
        0.0006       318.6491         0.1363
       -0.0474         0.1357         0.4131

 ... doing gamma convolution ...............................................

 ... evaluating constitutive response ......................................

 Piola--Kirchhoff stress       / MPa =
       -0.2733         0.0170         0.0083
        0.0132       320.3145         0.0348
        0.0082         0.0347        -0.0796

 ... doing gamma convolution ...............................................

 ... reporting .............................................................

 error divergence =        41.50 (6.65E+06 / m, tol =  1.60E+05)
 error stress BC  =         0.98 (3.14E+05 Pa,  tol =  3.20E+05)

 ===========================================================================
 Increment 8/15-1/1 @ Iteration 1≤2≤100

 deformation gradient aim       =
   0.9989104    0.0000111    0.0000185
   0.0000000    1.0029620   -0.0000171
   0.0000000    0.0000000    0.9991147

 ... evaluating constitutive response ......................................

 Piola--Kirchhoff stress       / MPa =
        0.5602         0.0202         0.0008
        0.0166       319.1926         0.0741
        0.0008         0.0738         0.2270

 ... doing gamma convolution ...............................................

 ... evaluating constitutive response ......................................

 Piola--Kirchhoff stress       / MPa =
        0.0630         0.0311         0.0345
        0.0275       319.9203         0.0194
        0.0346         0.0193         0.0023

 ... doing gamma convolution ...............................................

 ... reporting .............................................................

 error divergence =        14.14 (2.26E+06 / m, tol =  1.60E+05)
 error stress BC  =         0.25 (7.97E+04 Pa,  tol =  3.20E+05)

 ===========================================================================
 Increment 8/15-1/1 @ Iteration 1≤3≤100

 deformation gradient aim       =
   0.9989018    0.0000100    0.0000178
   0.0000000    1.0029736   -0.0000193
   0.0000000    0.0000000    0.9991117

