
 <<<+-  parallelization init  -+>>>

 Open MPI v4.1.6, package: Debian OpenMPI, ident: 4.1.6, repo rev: v4.1.6, Sep 30, 2023
 MPI standard: 3.1
 OpenMP version: 201511

 MPI processes: 1
 Could not get $OMP_NUM_THREADS, using default
 OMP_NUM_THREADS: 4

 <<<+-  CLI init  -+>>>

     _/_/_/      _/_/    _/      _/    _/_/      _/_/_/  _/    _/    _/_/_/
    _/    _/  _/    _/  _/_/  _/_/  _/    _/  _/        _/  _/            _/
   _/    _/  _/_/_/_/  _/  _/  _/  _/_/_/_/    _/_/    _/_/          _/_/
  _/    _/  _/    _/  _/      _/  _/    _/        _/  _/  _/            _/
 _/_/_/    _/    _/  _/      _/  _/    _/  _/_/_/    _/    _/    _/_/_/
 Grid solver

 F. Roters et al., Computational Materials Science 158:420–478, 2019
 https://doi.org/10.1016/j.commatsci.2018.04.030

 S. Balay et al., PETSc/TAO User Manual Revision 3.19
 https://doi.org/10.2172/1968587

 Version: v3.0.1

 Compiled with: GCC version 13.3.0
 Compiled on: Linux-6.8.0-51-generic
 Compiler options: -cpp -I /usr/lib/petscdir/petsc3.19/x86_64-linux-gnu-real/include -I /usr/include/hypre -I /usr/include/suitesparse -I /usr/include/superlu -I /usr/include/superlu-dist -I /usr/include/trilinos -I /usr/include/scotch -I /usr/include/hdf5/openmpi -I /usr/include/hdf5/serial -I /usr/include -I /usr/lib/x86_64-linux-gnu/openmpi/lib/../../fortran/gfortran-mod-15/openmpi -I /usr/lib/x86_64-linux-gnu/openmpi/lib -imultiarch x86_64-linux-gnu -D_REENTRANT -D CMAKE_SYSTEM="Linux-6.8.0-51-generic" -D DAMASKVERSION="v3.0.1" -D FYAML -D GRID -D PETSC --param=l1-cache-size=32 --param=l1-cache-line-size=64 --param=l2-cache-size=512 -mtune=znver2 -mno-omit-leaf-frame-pointer -march=x86-64 -g -O2 -O2 -Wall -Wextra -Wcharacter-truncation -Wunderflow -Wsuggest-attribute=pure -Wsuggest-attribute=noreturn -Wconversion-extra -Wunused-parameter -std=f2018 -fno-omit-frame-pointer -ffile-prefix-map=/build/damask-XEckOy/damask-3.0.1=. -flto=auto -ffat-lto-objects -fstack-protector-strong -fstack-clash-protection -fcf-protection=full -fdebug-prefix-map=/build/damask-XEckOy/damask-3.0.1=/usr/src/damask-3.0.1-6~noble -fopenmp -fPIE -ffree-line-length-none -fimplicit-none -fallow-argument-mismatch -ffpe-summary=all -fpre-include=/usr/include/finclude/x86_64-linux-gnu/math-vector-fortran.h

 Compiled on: Jan 14 2025 at 07:40:31

 PETSc version: 3.19.6

 Date: 14/11/2025
 Time: 23:09:21

 Host name: UT170340
 User name: vincent

 Command line call:      DAMASK_grid --geom /home/vincent/local_Homogenization_for_Damask/projects/template_yield_surface_postprocessing_only/input_files/Polycrystal_25_5x5x5.vti --load /home/vincent/local_Homogenization_for_Damask/projects/template_yield_surface_postprocessing_only/damask_files/yield_surface/shear_xy_xz_q1_1/LOADCASE.yaml --material /home/vincent/local_Homogenization_for_Damask/projects/template_yield_surface_postprocessing_only/input_files/titanium_assigned.yaml --numerics /home/vincent/local_Homogenization_for_Damask/projects/template_yield_surface_postprocessing_only/damask_files/yield_surface/shear_xy_xz_q1_1/NUMERICS.yaml --jobname template_yield_surface_postprocessing_only --workingdirectory /home/vincent/local_Homogenization_for_Damask/projects/template_yield_surface_postprocessing_only/damask_files/yield_surface/shear_xy_xz_q1_1

 Working directory:      /home/vincent/local_Homogenization_for_Damask/projects/template_yield_surface_postprocessing_only/damask_files/yield_surface/shear_xy_xz_q1_1
 Geometry:               ../../../input_files/Polycrystal_25_5x5x5.vti <-- /home/vincent/local_Homogenization_for_Damask/projects/template_yield_surface_postprocessing_only/input_files/Polycrystal_25_5x5x5.vti
 Load case:              LOADCASE.yaml <-- /home/vincent/local_Homogenization_for_Damask/projects/template_yield_surface_postprocessing_only/damask_files/yield_surface/shear_xy_xz_q1_1/LOADCASE.yaml
 Material config:        ../../../input_files/titanium_assigned.yaml <-- /home/vincent/local_Homogenization_for_Damask/projects/template_yield_surface_postprocessing_only/input_files/titanium_assigned.yaml
 Numerics config:        NUMERICS.yaml <-- /home/vincent/local_Homogenization_for_Damask/projects/template_yield_surface_postprocessing_only/damask_files/yield_surface/shear_xy_xz_q1_1/NUMERICS.yaml
 Solver job name:        template_yield_surface_postprocessing_only

 <<<+-  system_routines init  -+>>>

 <<<+-  prec init  -+>>>

 integer size / bit:   32
   maximum value:              2147483647

 real size / bit:      64
   maximum value:      0.180+309
   minimum value:      0.223-307
   epsilon value:      0.222E-15
   decimal precision:  15

 <<<+-  misc init  -+>>>

 <<<+-  IO init  -+>>>

 <<<+-  base64 init  -+>>>

 <<<+-  types init  -+>>>

 <<<+-  YAML init  -+>>>

 libfyaml powered

 <<<+-  HDF5_utilities init  -+>>>

 <<<+-  result init  -+>>>

 M. Diehl et al., Integrating Materials and Manufacturing Innovation 6(1):83–91, 2017
 https://doi.org/10.1007/s40192-017-0084-5

 <<<+-  config init  -+>>>

 reading material configuration

 reading numerics configuration

 <<<+-  math init  -+>>>

 size  of random seed:      8
 value of random seed:        546534386   921391631   711051016   -23530592 -1560123870   940093050    11058469 -1947207623
 start of random sequence: 
                           0.11600569810658
                           0.92766436450868
                           0.84276674451122
                           0.28807561452836

 <<<+-  rotations init  -+>>>

 D. Rowenhorst et al., Modelling and Simulation in Materials Science and Engineering 23:083501, 2015
 https://doi.org/10.1088/0965-0393/23/8/083501

 <<<+-  polynomials init  -+>>>

 <<<+-  tables init  -+>>>

 <<<+-  crystal init  -+>>>

 <<<+-  discretization_grid init  -+>>>

 cells:  5 × 5 × 5
 size:   1.00E-05 × 1.00E-05 × 1.00E-05 m³
 origin:  0.00E+00  0.00E+00  0.00E+00 m

 <<<+-  discretization init  -+>>>

 <<<+-  material init  -+>>>

 parsed material.yaml

 <<<+-  phase init  -+>>>

 phase 1: A

 references:
   - https://www.totalmateria.com/page.aspx?ID=CheckArticle&site=ktn&NM=221
   - https://en.wikipedia.org/wiki/Titanium

 <<<+-  phase:mechanical init  -+>>>

 <<<+-  phase:mechanical:elastic init  -+>>>

 <<<+-  phase:mechanical:elastic:Hooke init  -+>>>

 # phases: 1

 phase 1: A

 references:
   - E.S. Fisher and C.J. Renken, Physical Review 135(2A):A482-A494, 1964,
     https://doi.org/10.1103/PhysRev.135.A482, fit to Tab. IV (T_min=77K, 
     T_max=923K) 

 <<<+-  phase:mechanical:plasticity init  -+>>>

 <<<+-  phase:mechanical:plastic:phenopowerlaw init  -+>>>

 # phases: 1

 phase 1: A

 references:
   - C. Zambaldi et al., Journal of Materials Research 27(1):356-367, 2021,
     https://doi.org/10.1557/jmr.2011.334 
   - L. Wang et al., Acta Materialia 132:598-610, 2017,
     https://doi.org/10.1016/j.actamat.2017.05.015 

 <<<+-  phase:mechanical:eigen init  -+>>>

 <<<+-  phase:damage init  -+>>>

 <<<+-  phase:thermal init  -+>>>

 <<<+-  homogenization init  -+>>>

 <<<+-  homogenization:mechanical init  -+>>>

 <<<+-  homogenization:mechanical:pass init  -+>>>

 # homogenizations: 1

 <<<+-  homogenization:thermal init  -+>>>

 <<<+-  homogenization:damage init  -+>>>

 <<<+-  homogenization:damage:pass init  -+>>>

 <<<+-  materialpoint init  -+>>>

 deallocating material configuration

 <<<+-  DAMASK_grid init  -+>>>

 P. Shanthraj et al., Handbook of Mechanics of Materials, 2019
 https://doi.org/10.1007/978-981-10-6855-3_80

 <<<+-  spectral_utilities init  -+>>>

 M. Diehl, Diploma Thesis TU München, 2010
 https://doi.org/10.13140/2.1.3234.3840

 P. Eisenlohr et al., International Journal of Plasticity 46:37–53, 2013
 https://doi.org/10.1016/j.ijplas.2012.09.012

 P. Shanthraj et al., International Journal of Plasticity 66:31–45, 2015
 https://doi.org/10.1016/j.ijplas.2014.02.006

 P. Shanthraj et al., Handbook of Mechanics of Materials, 2019
 https://doi.org/10.1007/978-981-10-6855-3_80

 M. Frigo and S.G. Johnson, Proceedings of the IEEE 93(2):216–231, 2005
 https://doi.org/10.1109/jproc.2004.840301

 FFTW initialized

 <<<+-  grid_mechanical_spectral_basic init  -+>>>

 P. Eisenlohr et al., International Journal of Plasticity 46:37–53, 2013
 https://doi.org/10.1016/j.ijplas.2012.09.012

 P. Shanthraj et al., International Journal of Plasticity 66:31–45, 2015
 https://doi.org/10.1016/j.ijplas.2014.02.006

 ... evaluating constitutive response ......................................

 Piola--Kirchhoff stress       / MPa =
        0.0000         0.0000         0.0000
        0.0000         0.0000        -0.0000
        0.0000        -0.0000         0.0000

 deallocating numerics configuration

 ... saving initial configuration ..........................................

 load case: 1
  estimate_rate: F
  F:
       x             x             x      
     0.0000000       x             x      
     0.0000000     0.0000000       x      
  P / MPa:
        0.0000     -247.4874      247.4874
       x              0.0000        0.0000
       x             x              0.0000
  r: 1 (constant step width)
  t: 1000.000
  N: 15
  f_out: 1
  f_restart: 1

 ###########################################################################
 Time  6.66667E+01s: Increment 1/15-1/1 of load case 1/1
 Increment 1/15-1/1 @ Iteration 1≤0≤100

 deformation gradient aim       =
   1.0000000    0.0000000    0.0000000
   0.0000000    1.0000000    0.0000000
   0.0000000    0.0000000    1.0000000

 ... evaluating constitutive response ......................................

 Piola--Kirchhoff stress       / MPa =
       -0.0000         0.0000         0.0000
        0.0000        -0.0000        -0.0000
        0.0000        -0.0000        -0.0000

 ... doing gamma convolution ...............................................

 ... reporting .............................................................

 error divergence =         1.24 (1.24E-04 / m, tol =  1.00E-04)
 error stress BC  =     16499.16 (1.65E+07 Pa,  tol =  1.00E+03)

 ===========================================================================
 Increment 1/15-1/1 @ Iteration 1≤1≤100

 deformation gradient aim       =
   1.0000006   -0.0003851    0.0003705
   0.0000000    0.9999999   -0.0000029
   0.0000000    0.0000000    0.9999995

 ... evaluating constitutive response ......................................

 Piola--Kirchhoff stress       / MPa =
        0.0236       -16.4992        16.4991
      -16.4992         0.0175        -0.0065
       16.4991        -0.0065         0.0172

 ... doing gamma convolution ...............................................

 ... evaluating constitutive response ......................................

 Piola--Kirchhoff stress       / MPa =
        0.0231       -16.3235        16.3234
      -16.3235         0.0172        -0.0064
       16.3234        -0.0064         0.0169

 ... doing gamma convolution ...............................................

 ... reporting .............................................................

 error divergence =       901.46 (7.36E+06 / m, tol =  8.16E+03)
 error stress BC  =        10.76 (1.76E+05 Pa,  tol =  1.63E+04)

 ===========================================================================
 Increment 1/15-1/1 @ Iteration 1≤2≤100

 deformation gradient aim       =
   1.0000004   -0.0003892    0.0003745
   0.0000000    0.9999999   -0.0000027
   0.0000000    0.0000000    0.9999994

 ... evaluating constitutive response ......................................

 Piola--Kirchhoff stress       / MPa =
        0.0145       -16.2692        16.3324
      -16.2692        -0.0174        -0.0526
       16.3324        -0.0526        -0.0050

 ... doing gamma convolution ...............................................

 ... evaluating constitutive response ......................................

 Piola--Kirchhoff stress       / MPa =
        0.0154       -16.4667        16.5273
      -16.4667        -0.0156        -0.0509
       16.5273        -0.0509        -0.0037

 ... doing gamma convolution ...............................................

 ... reporting .............................................................

 error divergence =       112.52 (9.30E+05 / m, tol =  8.26E+03)
 error stress BC  =         3.08 (5.09E+04 Pa,  tol =  1.65E+04)

 ===========================================================================
 Increment 1/15-1/1 @ Iteration 1≤3≤100

 deformation gradient aim       =
   1.0000000   -0.0003954    0.0003776
   0.0000000    1.0000002   -0.0000004
   0.0000000    0.0000000    0.9999995

 ... evaluating constitutive response ......................................

 Piola--Kirchhoff stress       / MPa =
        0.0027       -16.4973        16.4924
      -16.4973        -0.0020         0.0040
       16.4924         0.0040         0.0019

 ... doing gamma convolution ...............................................

 ... evaluating constitutive response ......................................

 Piola--Kirchhoff stress       / MPa =
        0.0026       -16.5008        16.4973
      -16.5008        -0.0026         0.0029
       16.4973         0.0029         0.0015

 ... doing gamma convolution ...............................................

 ... reporting .............................................................

 error divergence =        16.94 (1.40E+05 / m, tol =  8.25E+03)
 error stress BC  =         0.18 (2.91E+03 Pa,  tol =  1.65E+04)

 ===========================================================================
 Increment 1/15-1/1 @ Iteration 1≤4≤100

 deformation gradient aim       =
   0.9999999   -0.0003954    0.0003778
   0.0000000    1.0000003   -0.0000006
   0.0000000    0.0000000    0.9999994

 ... evaluating constitutive response ......................................

 Piola--Kirchhoff stress       / MPa =
        0.0002       -16.4991        16.4996
      -16.4992        -0.0003        -0.0003
       16.4996        -0.0003        -0.0003

 ... doing gamma convolution ...............................................

 ... evaluating constitutive response ......................................

 Piola--Kirchhoff stress       / MPa =
       -0.0000       -16.4994        16.4989
      -16.4995         0.0000         0.0005
       16.4988         0.0005        -0.0002

 ... doing gamma convolution ...............................................

 ... reporting .............................................................

 error divergence =         2.15 (1.77E+04 / m, tol =  8.25E+03)
 error stress BC  =         0.03 (5.38E+02 Pa,  tol =  1.65E+04)

 ===========================================================================
 Increment 1/15-1/1 @ Iteration 1≤5≤100

 deformation gradient aim       =
   0.9999999   -0.0003954    0.0003777
   0.0000000    1.0000003   -0.0000006
   0.0000000    0.0000000    0.9999994

 ... evaluating constitutive response ......................................

 Piola--Kirchhoff stress       / MPa =
        0.0002       -16.4992        16.4992
      -16.4992        -0.0000         0.0001
       16.4992         0.0001        -0.0001

 ... doing gamma convolution ...............................................

 ... evaluating constitutive response ......................................

 Piola--Kirchhoff stress       / MPa =
        0.0001       -16.4991        16.4992
      -16.4992         0.0000         0.0000
       16.4992         0.0000        -0.0001

 ... doing gamma convolution ...............................................

 ... reporting .............................................................

 error divergence =         0.31 (2.58E+03 / m, tol =  8.25E+03)
 error stress BC  =         0.01 (1.49E+02 Pa,  tol =  1.65E+04)

 ===========================================================================

 increment 1 converged

 ... saving results ........................................................
 saving solver data required for restart
 saving field and constitutive data required for restart

 ###########################################################################
 Time  1.33333E+02s: Increment 2/15-1/1 of load case 1/1
 Increment 2/15-1/1 @ Iteration 1≤0≤100

 deformation gradient aim       =
   0.9999999   -0.0007907    0.0007555
   0.0000000    1.0000006   -0.0000012
   0.0000000    0.0000000    0.9999989

 ... evaluating constitutive response ......................................

 Piola--Kirchhoff stress       / MPa =
       -0.0322       -33.4215        33.3050
      -33.4216         0.0408         0.0961
       33.3050         0.0961         0.0089

 ... doing gamma convolution ...............................................

 ... reporting .............................................................

 error divergence =        10.75 (1.80E+05 / m, tol =  1.67E+04)
 error stress BC  =        12.66 (4.23E+05 Pa,  tol =  3.34E+04)

 ===========================================================================
 Increment 2/15-1/1 @ Iteration 1≤1≤100

 deformation gradient aim       =
   1.0000003   -0.0007809    0.0007486
   0.0000000    1.0000002   -0.0000032
   0.0000000    0.0000000    0.9999988

 ... evaluating constitutive response ......................................

 Piola--Kirchhoff stress       / MPa =
        0.0000       -32.9918        32.9954
      -32.9919        -0.0020        -0.0023
       32.9953        -0.0023        -0.0009

 ... doing gamma convolution ...............................................

 ... evaluating constitutive response ......................................

 Piola--Kirchhoff stress       / MPa =
       -0.0012       -33.0082        33.0072
      -33.0083        -0.0004         0.0015
       33.0072         0.0015        -0.0005

 ... doing gamma convolution ...............................................

 ... reporting .............................................................

 error divergence =        10.38 (1.71E+05 / m, tol =  1.65E+04)
 error stress BC  =         0.30 (9.90E+03 Pa,  tol =  3.30E+04)

 ===========================================================================
 Increment 2/15-1/1 @ Iteration 1≤2≤100

 deformation gradient aim       =
   1.0000003   -0.0007808    0.0007485
   0.0000000    1.0000002   -0.0000032
   0.0000000    0.0000000    0.9999988

 ... evaluating constitutive response ......................................

 Piola--Kirchhoff stress       / MPa =
       -0.0009       -33.0046        33.0011
      -33.0047         0.0010         0.0026
       33.0011         0.0026         0.0001

 ... doing gamma convolution ...............................................

 ... evaluating constitutive response ......................................

 Piola--Kirchhoff stress       / MPa =
       -0.0005       -32.9991        32.9973
      -32.9992         0.0004         0.0012
       32.9972         0.0012        -0.0000

 ... doing gamma convolution ...............................................

 ... reporting .............................................................

 error divergence =         1.35 (2.22E+04 / m, tol =  1.65E+04)
 error stress BC  =         0.04 (1.21E+03 Pa,  tol =  3.30E+04)

 ===========================================================================
 Increment 2/15-1/1 @ Iteration 1≤3≤100

 deformation gradient aim       =
   1.0000003   -0.0007806    0.0007485
   0.0000000    1.0000002   -0.0000033
   0.0000000    0.0000000    0.9999988

 ... evaluating constitutive response ......................................

 Piola--Kirchhoff stress       / MPa =
       -0.0001       -32.9985        32.9985
      -32.9986         0.0001         0.0000
       32.9984         0.0000        -0.0001

 ... doing gamma convolution ...............................................

 ... evaluating constitutive response ......................................

 Piola--Kirchhoff stress       / MPa =
       -0.0001       -32.9983        32.9983
      -32.9984         0.0001         0.0000
       32.9982         0.0000        -0.0001

 ... doing gamma convolution ...............................................

 ... reporting .............................................................

 error divergence =         0.19 (3.10E+03 / m, tol =  1.65E+04)
 error stress BC  =         0.00 (7.41E+01 Pa,  tol =  3.30E+04)

 ===========================================================================

 increment 2 converged

 ... saving results ........................................................
 saving solver data required for restart
 saving field and constitutive data required for restart

 ###########################################################################
 Time  2.00000E+02s: Increment 3/15-1/1 of load case 1/1
 Increment 3/15-1/1 @ Iteration 1≤0≤100

 deformation gradient aim       =
   1.0000007   -0.0011658    0.0011192
   0.0000000    1.0000000   -0.0000060
   0.0000000    0.0000000    0.9999982

 ... evaluating constitutive response ......................................

 Piola--Kirchhoff stress       / MPa =
        0.0917       -49.2646        49.3284
      -49.2648         0.0333        -0.0733
       49.3281        -0.0733         0.0497

 ... doing gamma convolution ...............................................

 ... reporting .............................................................

 error divergence =         4.02 (9.92E+04 / m, tol =  2.47E+04)
 error stress BC  =         4.72 (2.33E+05 Pa,  tol =  4.93E+04)

 ===========================================================================
 Increment 3/15-1/1 @ Iteration 1≤1≤100

 deformation gradient aim       =
   1.0000001   -0.0011713    0.0011229
   0.0000000    1.0000001   -0.0000044
   0.0000000    0.0000000    0.9999981

 ... evaluating constitutive response ......................................

 Piola--Kirchhoff stress       / MPa =
       -0.0000       -49.5010        49.4990
      -49.5012         0.0010         0.0015
       49.4989         0.0015         0.0005

 ... doing gamma convolution ...............................................

 ... evaluating constitutive response ......................................

 Piola--Kirchhoff stress       / MPa =
        0.0035       -49.4920        49.4925
      -49.4922         0.0023        -0.0013
       49.4924        -0.0013         0.0024

 ... doing gamma convolution ...............................................

 ... reporting .............................................................

 error divergence =         3.92 (9.69E+04 / m, tol =  2.47E+04)
 error stress BC  =         0.11 (5.52E+03 Pa,  tol =  4.95E+04)

 ===========================================================================
 Increment 3/15-1/1 @ Iteration 1≤2≤100

 deformation gradient aim       =
   1.0000001   -0.0011713    0.0011230
   0.0000000    1.0000001   -0.0000044
   0.0000000    0.0000000    0.9999981

 ... evaluating constitutive response ......................................

 Piola--Kirchhoff stress       / MPa =
        0.0008       -49.4940        49.4959
      -49.4942        -0.0006        -0.0017
       49.4958        -0.0017        -0.0002

 ... doing gamma convolution ...............................................

 ... evaluating constitutive response ......................................

 Piola--Kirchhoff stress       / MPa =
       -0.0004       -49.4971        49.4980
      -49.4973        -0.0009        -0.0007
       49.4979        -0.0007        -0.0008

 ... doing gamma convolution ...............................................

 ... reporting .............................................................

 error divergence =         0.50 (1.24E+04 / m, tol =  2.47E+04)
 error stress BC  =         0.02 (9.23E+02 Pa,  tol =  4.95E+04)

 ===========================================================================

 increment 3 converged

 ... saving results ........................................................
 saving solver data required for restart
 saving field and constitutive data required for restart

 ###########################################################################
 Time  2.66667E+02s: Increment 4/15-1/1 of load case 1/1
 Increment 4/15-1/1 @ Iteration 1≤0≤100

 deformation gradient aim       =
   0.9999999   -0.0015622    0.0014976
   0.0000000    1.0000001   -0.0000055
   0.0000000    0.0000000    0.9999975

 ... evaluating constitutive response ......................................

 Piola--Kirchhoff stress       / MPa =
        0.0406       -66.0194        66.0133
      -66.0197         0.0337        -0.0066
       66.0131        -0.0066         0.0317

 ... doing gamma convolution ...............................................

 ... reporting .............................................................

 error divergence =         0.93 (3.06E+04 / m, tol =  3.30E+04)
 error stress BC  =         0.62 (4.06E+04 Pa,  tol =  6.60E+04)

 ===========================================================================
 Increment 4/15-1/1 @ Iteration 1≤1≤100

 deformation gradient aim       =
   0.9999997   -0.0015617    0.0014973
   0.0000000    1.0000000   -0.0000053
   0.0000000    0.0000000    0.9999974

 ... evaluating constitutive response ......................................

 Piola--Kirchhoff stress       / MPa =
        0.0001       -65.9960        65.9963
      -65.9964        -0.0003        -0.0001
       65.9962        -0.0001         0.0000

 ... doing gamma convolution ...............................................

 ... evaluating constitutive response ......................................

 Piola--Kirchhoff stress       / MPa =
        0.0014       -65.9968        65.9969
      -65.9971         0.0009        -0.0003
       65.9967        -0.0003         0.0011

 ... doing gamma convolution ...............................................

 ... reporting .............................................................

 error divergence =         0.25 (8.25E+03 / m, tol =  3.30E+04)
 error stress BC  =         0.02 (1.42E+03 Pa,  tol =  6.60E+04)

 ===========================================================================

 increment 4 converged

 ... saving results ........................................................
 saving solver data required for restart
 saving field and constitutive data required for restart

 ###########################################################################
 Time  3.33333E+02s: Increment 5/15-1/1 of load case 1/1
 Increment 5/15-1/1 @ Iteration 1≤0≤100

 deformation gradient aim       =
   0.9999993   -0.0019520    0.0018715
   0.0000000    0.9999999   -0.0000062
   0.0000000    0.0000000    0.9999966

 ... evaluating constitutive response ......................................

 Piola--Kirchhoff stress       / MPa =
        0.0470       -82.4669        82.4762
      -82.4673         0.0367        -0.0169
       82.4758        -0.0169         0.0350

 ... doing gamma convolution ...............................................

 ... reporting .............................................................

 error divergence =         3.40 (1.40E+05 / m, tol =  4.12E+04)
 error stress BC  =         0.57 (4.70E+04 Pa,  tol =  8.25E+04)

 ===========================================================================
 Increment 5/15-1/1 @ Iteration 1≤1≤100

 deformation gradient aim       =
   0.9999991   -0.0019527    0.0018719
   0.0000000    0.9999998   -0.0000059
   0.0000000    0.0000000    0.9999965

 ... evaluating constitutive response ......................................

 Piola--Kirchhoff stress       / MPa =
        0.0002       -82.4945        82.4947
      -82.4951         0.0001        -0.0005
       82.4945        -0.0005        -0.0003

 ... doing gamma convolution ...............................................

 ... evaluating constitutive response ......................................

 Piola--Kirchhoff stress       / MPa =
       -0.0035       -82.4967        82.4962
      -82.4973        -0.0029         0.0008
       82.4960         0.0008        -0.0032

 ... doing gamma convolution ...............................................

 ... reporting .............................................................

 error divergence =         0.52 (2.15E+04 / m, tol =  4.12E+04)
 error stress BC  =         0.04 (3.54E+03 Pa,  tol =  8.25E+04)

 ===========================================================================

 increment 5 converged

 ... saving results ........................................................
 saving solver data required for restart
 saving field and constitutive data required for restart

 ###########################################################################
 Time  4.00000E+02s: Increment 6/15-1/1 of load case 1/1
 Increment 6/15-1/1 @ Iteration 1≤0≤100

 deformation gradient aim       =
   0.9999985   -0.0023437    0.0022466
   0.0000000    0.9999996   -0.0000064
   0.0000000    0.0000000    0.9999957

 ... evaluating constitutive response ......................................

 Piola--Kirchhoff stress       / MPa =
        0.0318       -98.5538        98.6943
      -98.5542         0.0611        -0.0496
       98.6938        -0.0496         0.0277

 ... doing gamma convolution ...............................................

 ... reporting .............................................................

 error divergence =        49.93 (2.46E+06 / m, tol =  4.93E+04)
 error stress BC  =         4.47 (4.41E+05 Pa,  tol =  9.87E+04)

 ===========================================================================
 Increment 6/15-1/1 @ Iteration 1≤1≤100

 deformation gradient aim       =
   0.9999985   -0.0023540    0.0022534
   0.0000000    0.9999992   -0.0000054
   0.0000000    0.0000000    0.9999957

 ... evaluating constitutive response ......................................

 Piola--Kirchhoff stress       / MPa =
       -0.0039       -98.8741        98.9115
      -98.8747         0.0057        -0.0197
       98.9112        -0.0197        -0.0059

 ... doing gamma convolution ...............................................

 ... evaluating constitutive response ......................................

 Piola--Kirchhoff stress       / MPa =
       -0.0194       -99.0108        99.0041
      -99.0113        -0.0184        -0.0070
       99.0038        -0.0070        -0.0205

 ... doing gamma convolution ...............................................

 ... reporting .............................................................

 error divergence =         9.15 (4.53E+05 / m, tol =  4.95E+04)
 error stress BC  =         0.21 (2.05E+04 Pa,  tol =  9.90E+04)

 ===========================================================================
 Increment 6/15-1/1 @ Iteration 1≤2≤100

 deformation gradient aim       =
   0.9999986   -0.0023565    0.0022550
   0.0000000    0.9999992   -0.0000048
   0.0000000    0.0000000    0.9999959

 ... evaluating constitutive response ......................................

 Piola--Kirchhoff stress       / MPa =
        0.0004       -98.9882        98.9914
      -98.9888         0.0009        -0.0017
       98.9911        -0.0017        -0.0008

 ... doing gamma convolution ...............................................

 ... evaluating constitutive response ......................................

 Piola--Kirchhoff stress       / MPa =
        0.0010       -98.9988        98.9988
      -98.9993         0.0005         0.0000
       98.9985         0.0000        -0.0000

 ... doing gamma convolution ...............................................

 ... reporting .............................................................

 error divergence =         1.99 (9.83E+04 / m, tol =  4.95E+04)
 error stress BC  =         0.04 (3.83E+03 Pa,  tol =  9.90E+04)

 ===========================================================================
 Increment 6/15-1/1 @ Iteration 1≤3≤100

 deformation gradient aim       =
   0.9999986   -0.0023566    0.0022550
   0.0000000    0.9999992   -0.0000047
   0.0000000    0.0000000    0.9999959

 ... evaluating constitutive response ......................................

 Piola--Kirchhoff stress       / MPa =
       -0.0006       -98.9957        98.9956
      -98.9962        -0.0006         0.0004
       98.9953         0.0004         0.0010

 ... doing gamma convolution ...............................................

 ... evaluating constitutive response ......................................

 Piola--Kirchhoff stress       / MPa =
        0.0000       -98.9948        98.9951
      -98.9953         0.0002         0.0007
       98.9948         0.0007         0.0021

 ... doing gamma convolution ...............................................

 ... reporting .............................................................

 error divergence =         0.37 (1.81E+04 / m, tol =  4.95E+04)
 error stress BC  =         0.02 (2.06E+03 Pa,  tol =  9.90E+04)

 ===========================================================================

 increment 6 converged

 ... saving results ........................................................
 saving solver data required for restart
 saving field and constitutive data required for restart

 ###########################################################################
 Time  4.66667E+02s: Increment 7/15-1/1 of load case 1/1
 Increment 7/15-1/1 @ Iteration 1≤0≤100

 deformation gradient aim       =
   0.9999981   -0.0027604    0.0026381
   0.0000000    0.9999986   -0.0000036
   0.0000000    0.0000000    0.9999951

 ... evaluating constitutive response ......................................

 Piola--Kirchhoff stress       / MPa =
        0.0419      -113.8350       114.2735
     -113.8347         0.1134        -0.1076
      114.2729        -0.1075        -0.0285

 ... doing gamma convolution ...............................................

 ... reporting .............................................................

 error divergence =       119.61 (6.83E+06 / m, tol =  5.71E+04)
 error stress BC  =        14.52 (1.66E+06 Pa,  tol =  1.14E+05)

 ===========================================================================
 Increment 7/15-1/1 @ Iteration 1≤1≤100

 deformation gradient aim       =
   0.9999979   -0.0028015    0.0026669
   0.0000000    0.9999975   -0.0000012
   0.0000000    0.0000000    0.9999958

 ... evaluating constitutive response ......................................

 Piola--Kirchhoff stress       / MPa =
       -0.0025      -114.9633       115.0831
     -114.9630         0.0328        -0.0580
      115.0828        -0.0580        -0.0527

 ... doing gamma convolution ...............................................

 ... evaluating constitutive response ......................................

 Piola--Kirchhoff stress       / MPa =
       -0.0314      -115.6839       115.5995
     -115.6837        -0.0195        -0.0275
      115.5994        -0.0274        -0.0698

 ... doing gamma convolution ...............................................

 ... reporting .............................................................

 error divergence =        37.24 (2.15E+06 / m, tol =  5.78E+04)
 error stress BC  =         1.64 (1.90E+05 Pa,  tol =  1.16E+05)

 ===========================================================================
 Increment 7/15-1/1 @ Iteration 1≤2≤100

 deformation gradient aim       =
   0.9999979   -0.0028099    0.0026741
   0.0000000    0.9999969    0.0000007
   0.0000000    0.0000000    0.9999967

 ... evaluating constitutive response ......................................

 Piola--Kirchhoff stress       / MPa =
        0.0067      -115.4033       115.4315
     -115.4029         0.0111        -0.0238
      115.4313        -0.0238        -0.0196

 ... doing gamma convolution ...............................................

 ... evaluating constitutive response ......................................

 Piola--Kirchhoff stress       / MPa =
        0.0083      -115.4811       115.4930
     -115.4807         0.0071        -0.0179
      115.4929        -0.0179        -0.0140

 ... doing gamma convolution ...............................................

 ... reporting .............................................................

 error divergence =        11.12 (6.42E+05 / m, tol =  5.77E+04)
 error stress BC  =         0.15 (1.79E+04 Pa,  tol =  1.15E+05)

 ===========================================================================
 Increment 7/15-1/1 @ Iteration 1≤3≤100

 deformation gradient aim       =
   0.9999978   -0.0028125    0.0026756
   0.0000000    0.9999967    0.0000017
   0.0000000    0.0000000    0.9999971

 ... evaluating constitutive response ......................................

 Piola--Kirchhoff stress       / MPa =
       -0.0014      -115.5028       115.4998
     -115.5024         0.0003        -0.0014
      115.4997        -0.0014         0.0007

 ... doing gamma convolution ...............................................

 ... evaluating constitutive response ......................................

 Piola--Kirchhoff stress       / MPa =
       -0.0010      -115.4906       115.4916
     -115.4903         0.0008         0.0033
      115.4915         0.0033         0.0086

 ... doing gamma convolution ...............................................

 ... reporting .............................................................

 error divergence =         2.82 (1.63E+05 / m, tol =  5.77E+04)
 error stress BC  =         0.07 (8.55E+03 Pa,  tol =  1.15E+05)

 ===========================================================================
 Increment 7/15-1/1 @ Iteration 1≤4≤100

 deformation gradient aim       =
   0.9999978   -0.0028124    0.0026755
   0.0000000    0.9999967    0.0000016
   0.0000000    0.0000000    0.9999970

 ... evaluating constitutive response ......................................

 Piola--Kirchhoff stress       / MPa =
        0.0001      -115.4927       115.4950
     -115.4923        -0.0005        -0.0013
      115.4949        -0.0013         0.0003

 ... doing gamma convolution ...............................................

 ... evaluating constitutive response ......................................

 Piola--Kirchhoff stress       / MPa =
       -0.0003      -115.4936       115.4956
     -115.4933        -0.0014        -0.0010
      115.4955        -0.0010        -0.0001

 ... doing gamma convolution ...............................................

 ... reporting .............................................................

 error divergence =         0.79 (4.54E+04 / m, tol =  5.77E+04)
 error stress BC  =         0.01 (1.48E+03 Pa,  tol =  1.15E+05)

 ===========================================================================

 increment 7 converged

 ... saving results ........................................................
 saving solver data required for restart
 saving field and constitutive data required for restart

 ###########################################################################
 Time  5.33333E+02s: Increment 8/15-1/1 of load case 1/1
 Increment 8/15-1/1 @ Iteration 1≤0≤100

 deformation gradient aim       =
   0.9999971   -0.0032683    0.0030960
   0.0000000    0.9999943    0.0000081
   0.0000000    0.0000000    0.9999982

 ... evaluating constitutive response ......................................

 Piola--Kirchhoff stress       / MPa =
        0.1230      -129.0966       129.7907
     -129.0943         0.0202        -0.2361
      129.7901        -0.2362        -0.0087

 ... doing gamma convolution ...............................................

 ... reporting .............................................................

 error divergence =        99.90 (6.48E+06 / m, tol =  6.49E+04)
 error stress BC  =        22.32 (2.90E+06 Pa,  tol =  1.30E+05)

 ===========================================================================
 Increment 8/15-1/1 @ Iteration 1≤1≤100

 deformation gradient aim       =
   0.9999959   -0.0033458    0.0031521
   0.0000000    0.9999942    0.0000139
   0.0000000    0.0000000    0.9999987

