
 <<<+-  parallelization init  -+>>>

 Open MPI v4.1.6, package: Debian OpenMPI, ident: 4.1.6, repo rev: v4.1.6, Sep 30, 2023
 MPI standard: 3.1
 OpenMP version: 201511

 MPI processes: 1
 Could not get $OMP_NUM_THREADS, using default
 OMP_NUM_THREADS: 4

 <<<+-  CLI init  -+>>>

     _/_/_/      _/_/    _/      _/    _/_/      _/_/_/  _/    _/    _/_/_/
    _/    _/  _/    _/  _/_/  _/_/  _/    _/  _/        _/  _/            _/
   _/    _/  _/_/_/_/  _/  _/  _/  _/_/_/_/    _/_/    _/_/          _/_/
  _/    _/  _/    _/  _/      _/  _/    _/        _/  _/  _/            _/
 _/_/_/    _/    _/  _/      _/  _/    _/  _/_/_/    _/    _/    _/_/_/
 Grid solver

 F. Roters et al., Computational Materials Science 158:420–478, 2019
 https://doi.org/10.1016/j.commatsci.2018.04.030

 S. Balay et al., PETSc/TAO User Manual Revision 3.19
 https://doi.org/10.2172/1968587

 Version: v3.0.1

 Compiled with: GCC version 13.3.0
 Compiled on: Linux-6.8.0-51-generic
 Compiler options: -cpp -I /usr/lib/petscdir/petsc3.19/x86_64-linux-gnu-real/include -I /usr/include/hypre -I /usr/include/suitesparse -I /usr/include/superlu -I /usr/include/superlu-dist -I /usr/include/trilinos -I /usr/include/scotch -I /usr/include/hdf5/openmpi -I /usr/include/hdf5/serial -I /usr/include -I /usr/lib/x86_64-linux-gnu/openmpi/lib/../../fortran/gfortran-mod-15/openmpi -I /usr/lib/x86_64-linux-gnu/openmpi/lib -imultiarch x86_64-linux-gnu -D_REENTRANT -D CMAKE_SYSTEM="Linux-6.8.0-51-generic" -D DAMASKVERSION="v3.0.1" -D FYAML -D GRID -D PETSC --param=l1-cache-size=32 --param=l1-cache-line-size=64 --param=l2-cache-size=512 -mtune=znver2 -mno-omit-leaf-frame-pointer -march=x86-64 -g -O2 -O2 -Wall -Wextra -Wcharacter-truncation -Wunderflow -Wsuggest-attribute=pure -Wsuggest-attribute=noreturn -Wconversion-extra -Wunused-parameter -std=f2018 -fno-omit-frame-pointer -ffile-prefix-map=/build/damask-XEckOy/damask-3.0.1=. -flto=auto -ffat-lto-objects -fstack-protector-strong -fstack-clash-protection -fcf-protection=full -fdebug-prefix-map=/build/damask-XEckOy/damask-3.0.1=/usr/src/damask-3.0.1-6~noble -fopenmp -fPIE -ffree-line-length-none -fimplicit-none -fallow-argument-mismatch -ffpe-summary=all -fpre-include=/usr/include/finclude/x86_64-linux-gnu/math-vector-fortran.h

 Compiled on: Jan 14 2025 at 07:40:31

 PETSc version: 3.19.6

 Date: 14/11/2025
 Time: 23:09:54

 Host name: UT170340
 User name: vincent

 Command line call:      DAMASK_grid --geom /home/vincent/local_Homogenization_for_Damask/projects/template_yield_surface_postprocessing_only/input_files/Polycrystal_25_5x5x5.vti --load /home/vincent/local_Homogenization_for_Damask/projects/template_yield_surface_postprocessing_only/damask_files/yield_surface/tensile_x_z_q0_1/LOADCASE.yaml --material /home/vincent/local_Homogenization_for_Damask/projects/template_yield_surface_postprocessing_only/input_files/titanium_assigned.yaml --numerics /home/vincent/local_Homogenization_for_Damask/projects/template_yield_surface_postprocessing_only/damask_files/yield_surface/tensile_x_z_q0_1/NUMERICS.yaml --jobname template_yield_surface_postprocessing_only --workingdirectory /home/vincent/local_Homogenization_for_Damask/projects/template_yield_surface_postprocessing_only/damask_files/yield_surface/tensile_x_z_q0_1

 Working directory:      /home/vincent/local_Homogenization_for_Damask/projects/template_yield_surface_postprocessing_only/damask_files/yield_surface/tensile_x_z_q0_1
 Geometry:               ../../../input_files/Polycrystal_25_5x5x5.vti <-- /home/vincent/local_Homogenization_for_Damask/projects/template_yield_surface_postprocessing_only/input_files/Polycrystal_25_5x5x5.vti
 Load case:              LOADCASE.yaml <-- /home/vincent/local_Homogenization_for_Damask/projects/template_yield_surface_postprocessing_only/damask_files/yield_surface/tensile_x_z_q0_1/LOADCASE.yaml
 Material config:        ../../../input_files/titanium_assigned.yaml <-- /home/vincent/local_Homogenization_for_Damask/projects/template_yield_surface_postprocessing_only/input_files/titanium_assigned.yaml
 Numerics config:        NUMERICS.yaml <-- /home/vincent/local_Homogenization_for_Damask/projects/template_yield_surface_postprocessing_only/damask_files/yield_surface/tensile_x_z_q0_1/NUMERICS.yaml
 Solver job name:        template_yield_surface_postprocessing_only

 <<<+-  system_routines init  -+>>>

 <<<+-  prec init  -+>>>

 integer size / bit:   32
   maximum value:              2147483647

 real size / bit:      64
   maximum value:      0.180+309
   minimum value:      0.223-307
   epsilon value:      0.222E-15
   decimal precision:  15

 <<<+-  misc init  -+>>>

 <<<+-  IO init  -+>>>

 <<<+-  base64 init  -+>>>

 <<<+-  types init  -+>>>

 <<<+-  YAML init  -+>>>

 libfyaml powered

 <<<+-  HDF5_utilities init  -+>>>

 <<<+-  result init  -+>>>

 M. Diehl et al., Integrating Materials and Manufacturing Innovation 6(1):83–91, 2017
 https://doi.org/10.1007/s40192-017-0084-5

 <<<+-  config init  -+>>>

 reading material configuration

 reading numerics configuration

 <<<+-  math init  -+>>>

 size  of random seed:      8
 value of random seed:        983571152   794222690  -219272977 -1736679069  1062763690  1549878565   -41841696  -440137574
 start of random sequence: 
                           0.43196963246514
                           0.81558846567648
                           0.41098283972277
                           0.39092775993660

 <<<+-  rotations init  -+>>>

 D. Rowenhorst et al., Modelling and Simulation in Materials Science and Engineering 23:083501, 2015
 https://doi.org/10.1088/0965-0393/23/8/083501

 <<<+-  polynomials init  -+>>>

 <<<+-  tables init  -+>>>

 <<<+-  crystal init  -+>>>

 <<<+-  discretization_grid init  -+>>>

 cells:  5 × 5 × 5
 size:   1.00E-05 × 1.00E-05 × 1.00E-05 m³
 origin:  0.00E+00  0.00E+00  0.00E+00 m

 <<<+-  discretization init  -+>>>

 <<<+-  material init  -+>>>

 parsed material.yaml

 <<<+-  phase init  -+>>>

 phase 1: A

 references:
   - https://www.totalmateria.com/page.aspx?ID=CheckArticle&site=ktn&NM=221
   - https://en.wikipedia.org/wiki/Titanium

 <<<+-  phase:mechanical init  -+>>>

 <<<+-  phase:mechanical:elastic init  -+>>>

 <<<+-  phase:mechanical:elastic:Hooke init  -+>>>

 # phases: 1

 phase 1: A

 references:
   - E.S. Fisher and C.J. Renken, Physical Review 135(2A):A482-A494, 1964,
     https://doi.org/10.1103/PhysRev.135.A482, fit to Tab. IV (T_min=77K, 
     T_max=923K) 

 <<<+-  phase:mechanical:plasticity init  -+>>>

 <<<+-  phase:mechanical:plastic:phenopowerlaw init  -+>>>

 # phases: 1

 phase 1: A

 references:
   - C. Zambaldi et al., Journal of Materials Research 27(1):356-367, 2021,
     https://doi.org/10.1557/jmr.2011.334 
   - L. Wang et al., Acta Materialia 132:598-610, 2017,
     https://doi.org/10.1016/j.actamat.2017.05.015 

 <<<+-  phase:mechanical:eigen init  -+>>>

 <<<+-  phase:damage init  -+>>>

 <<<+-  phase:thermal init  -+>>>

 <<<+-  homogenization init  -+>>>

 <<<+-  homogenization:mechanical init  -+>>>

 <<<+-  homogenization:mechanical:pass init  -+>>>

 # homogenizations: 1

 <<<+-  homogenization:thermal init  -+>>>

 <<<+-  homogenization:damage init  -+>>>

 <<<+-  homogenization:damage:pass init  -+>>>

 <<<+-  materialpoint init  -+>>>

 deallocating material configuration

 <<<+-  DAMASK_grid init  -+>>>

 P. Shanthraj et al., Handbook of Mechanics of Materials, 2019
 https://doi.org/10.1007/978-981-10-6855-3_80

 <<<+-  spectral_utilities init  -+>>>

 M. Diehl, Diploma Thesis TU München, 2010
 https://doi.org/10.13140/2.1.3234.3840

 P. Eisenlohr et al., International Journal of Plasticity 46:37–53, 2013
 https://doi.org/10.1016/j.ijplas.2012.09.012

 P. Shanthraj et al., International Journal of Plasticity 66:31–45, 2015
 https://doi.org/10.1016/j.ijplas.2014.02.006

 P. Shanthraj et al., Handbook of Mechanics of Materials, 2019
 https://doi.org/10.1007/978-981-10-6855-3_80

 M. Frigo and S.G. Johnson, Proceedings of the IEEE 93(2):216–231, 2005
 https://doi.org/10.1109/jproc.2004.840301

 FFTW initialized

 <<<+-  grid_mechanical_spectral_basic init  -+>>>

 P. Eisenlohr et al., International Journal of Plasticity 46:37–53, 2013
 https://doi.org/10.1016/j.ijplas.2012.09.012

 P. Shanthraj et al., International Journal of Plasticity 66:31–45, 2015
 https://doi.org/10.1016/j.ijplas.2014.02.006

 ... evaluating constitutive response ......................................

 Piola--Kirchhoff stress       / MPa =
        0.0000         0.0000         0.0000
        0.0000         0.0000        -0.0000
        0.0000        -0.0000         0.0000

 deallocating numerics configuration

 ... saving initial configuration ..........................................

 load case: 1
  estimate_rate: F
  F:
       x             x             x      
     0.0000000       x             x      
     0.0000000     0.0000000       x      
  P / MPa:
      530.3301        0.0000        0.0000
       x              0.0000        0.0000
       x             x            530.3301
  r: 1 (constant step width)
  t: 1000.000
  N: 15
  f_out: 1
  f_restart: 1

 ###########################################################################
 Time  6.66667E+01s: Increment 1/15-1/1 of load case 1/1
 Increment 1/15-1/1 @ Iteration 1≤0≤100

 deformation gradient aim       =
   1.0000000    0.0000000    0.0000000
   0.0000000    1.0000000    0.0000000
   0.0000000    0.0000000    1.0000000

 ... evaluating constitutive response ......................................

 Piola--Kirchhoff stress       / MPa =
       -0.0000         0.0000         0.0000
        0.0000        -0.0000        -0.0000
        0.0000        -0.0000        -0.0000

 ... doing gamma convolution ...............................................

 ... reporting .............................................................

 error divergence =         1.24 (1.24E-04 / m, tol =  1.00E-04)
 error stress BC  =     35355.34 (3.54E+07 Pa,  tol =  1.00E+03)

 ===========================================================================
 Increment 1/15-1/1 @ Iteration 1≤1≤100

 deformation gradient aim       =
   1.0002160   -0.0000026   -0.0000024
   0.0000000    0.9998022   -0.0000013
   0.0000000    0.0000000    1.0002019

 ... evaluating constitutive response ......................................

 Piola--Kirchhoff stress       / MPa =
       35.3700        -0.0000        -0.0001
       -0.0000         0.0067        -0.0000
       -0.0000         0.0000        35.3692

 ... doing gamma convolution ...............................................

 ... evaluating constitutive response ......................................

 Piola--Kirchhoff stress       / MPa =
       34.5808        -0.0000        -0.0001
       -0.0000         0.0064        -0.0000
       -0.0000         0.0000        34.5800

 ... doing gamma convolution ...............................................

 ... reporting .............................................................

 error divergence =       373.87 (6.46E+06 / m, tol =  1.73E+04)
 error stress BC  =        22.42 (7.75E+05 Pa,  tol =  3.46E+04)

 ===========================================================================
 Increment 1/15-1/1 @ Iteration 1≤2≤100

 deformation gradient aim       =
   1.0002207   -0.0000026   -0.0000025
   0.0000000    0.9997978   -0.0000013
   0.0000000    0.0000000    1.0002063

 ... evaluating constitutive response ......................................

 Piola--Kirchhoff stress       / MPa =
       35.1649        -0.0318        -0.0188
       -0.0317         0.3329        -0.0076
       -0.0187        -0.0076        35.2195

 ... doing gamma convolution ...............................................

 ... evaluating constitutive response ......................................

 Piola--Kirchhoff stress       / MPa =
       35.5858        -0.0316        -0.0187
       -0.0316         0.3315        -0.0076
       -0.0186        -0.0076        35.6401

 ... doing gamma convolution ...............................................

 ... reporting .............................................................

 error divergence =        47.70 (8.50E+05 / m, tol =  1.78E+04)
 error stress BC  =         9.30 (3.31E+05 Pa,  tol =  3.56E+04)

 ===========================================================================
 Increment 1/15-1/1 @ Iteration 1≤3≤100

 deformation gradient aim       =
   1.0002227   -0.0000012   -0.0000017
   0.0000000    0.9997925   -0.0000010
   0.0000000    0.0000000    1.0002069

 ... evaluating constitutive response ......................................

 Piola--Kirchhoff stress       / MPa =
       35.3603        -0.0025         0.0007
       -0.0025         0.0074        -0.0023
        0.0008        -0.0022        35.3437

 ... doing gamma convolution ...............................................

 ... evaluating constitutive response ......................................

 Piola--Kirchhoff stress       / MPa =
       35.3753        -0.0033         0.0002
       -0.0033         0.0167        -0.0025
        0.0003        -0.0024        35.3605

 ... doing gamma convolution ...............................................

 ... reporting .............................................................

 error divergence =         6.69 (1.18E+05 / m, tol =  1.77E+04)
 error stress BC  =         0.56 (1.99E+04 Pa,  tol =  3.54E+04)

 ===========================================================================
 Increment 1/15-1/1 @ Iteration 1≤4≤100

 deformation gradient aim       =
   1.0002225   -0.0000010   -0.0000017
   0.0000000    0.9997924   -0.0000009
   0.0000000    0.0000000    1.0002070

 ... evaluating constitutive response ......................................

 Piola--Kirchhoff stress       / MPa =
       35.3553        -0.0004        -0.0003
       -0.0004        -0.0004        -0.0003
       -0.0003        -0.0003        35.3555

 ... doing gamma convolution ...............................................

 ... evaluating constitutive response ......................................

 Piola--Kirchhoff stress       / MPa =
       35.3518         0.0000        -0.0000
        0.0000        -0.0050        -0.0003
        0.0000        -0.0002        35.3506

 ... doing gamma convolution ...............................................

 ... reporting .............................................................

 error divergence =         0.94 (1.65E+04 / m, tol =  1.77E+04)
 error stress BC  =         0.14 (5.03E+03 Pa,  tol =  3.54E+04)

 ===========================================================================

 increment 1 converged

 ... saving results ........................................................
 saving solver data required for restart
 saving field and constitutive data required for restart

 ###########################################################################
 Time  1.33333E+02s: Increment 2/15-1/1 of load case 1/1
 Increment 2/15-1/1 @ Iteration 1≤0≤100

 deformation gradient aim       =
   1.0004451   -0.0000021   -0.0000034
   0.0000000    0.9995848   -0.0000018
   0.0000000    0.0000000    1.0004141

 ... evaluating constitutive response ......................................

 Piola--Kirchhoff stress       / MPa =
       71.7931         0.0691         0.0367
        0.0690        -0.6750         0.0204
        0.0369         0.0206        71.7172

 ... doing gamma convolution ...............................................

 ... reporting .............................................................

 error divergence =         8.81 (3.16E+05 / m, tol =  3.59E+04)
 error stress BC  =        15.08 (1.08E+06 Pa,  tol =  7.18E+04)

 ===========================================================================
 Increment 2/15-1/1 @ Iteration 1≤1≤100

 deformation gradient aim       =
   1.0004362   -0.0000035   -0.0000041
   0.0000000    0.9995966   -0.0000022
   0.0000000    0.0000000    1.0004068

 ... evaluating constitutive response ......................................

 Piola--Kirchhoff stress       / MPa =
       70.7001        -0.0030        -0.0017
       -0.0030         0.0155        -0.0005
       -0.0014        -0.0004        70.7032

 ... doing gamma convolution ...............................................

 ... evaluating constitutive response ......................................

 Piola--Kirchhoff stress       / MPa =
       70.7657         0.0013         0.0006
        0.0013        -0.0260         0.0007
        0.0009         0.0009        70.7641

 ... doing gamma convolution ...............................................

 ... reporting .............................................................

 error divergence =         8.38 (2.96E+05 / m, tol =  3.54E+04)
 error stress BC  =         0.78 (5.50E+04 Pa,  tol =  7.08E+04)

 ===========================================================================
 Increment 2/15-1/1 @ Iteration 1≤2≤100

 deformation gradient aim       =
   1.0004359   -0.0000035   -0.0000041
   0.0000000    0.9995969   -0.0000022
   0.0000000    0.0000000    1.0004065

 ... evaluating constitutive response ......................................

 Piola--Kirchhoff stress       / MPa =
       70.7199         0.0025         0.0015
        0.0025        -0.0153         0.0004
        0.0018         0.0005        70.7161

 ... doing gamma convolution ...............................................

 ... evaluating constitutive response ......................................

 Piola--Kirchhoff stress       / MPa =
       70.7067         0.0017         0.0010
        0.0017        -0.0070         0.0001
        0.0013         0.0003        70.7038

 ... doing gamma convolution ...............................................

 ... reporting .............................................................

 error divergence =         1.16 (4.09E+04 / m, tol =  3.54E+04)
 error stress BC  =         0.10 (7.02E+03 Pa,  tol =  7.07E+04)

 ===========================================================================
 Increment 2/15-1/1 @ Iteration 1≤3≤100

 deformation gradient aim       =
   1.0004358   -0.0000036   -0.0000041
   0.0000000    0.9995971   -0.0000022
   0.0000000    0.0000000    1.0004065

 ... evaluating constitutive response ......................................

 Piola--Kirchhoff stress       / MPa =
       70.7106         0.0001        -0.0000
        0.0001        -0.0006         0.0001
        0.0003         0.0003        70.7113

 ... doing gamma convolution ...............................................

 ... evaluating constitutive response ......................................

 Piola--Kirchhoff stress       / MPa =
       70.7099         0.0002         0.0000
        0.0002        -0.0006         0.0001
        0.0003         0.0003        70.7105

 ... doing gamma convolution ...............................................

 ... reporting .............................................................

 error divergence =         0.16 (5.60E+03 / m, tol =  3.54E+04)
 error stress BC  =         0.01 (7.65E+02 Pa,  tol =  7.07E+04)

 ===========================================================================

 increment 2 converged

 ... saving results ........................................................
 saving solver data required for restart
 saving field and constitutive data required for restart

 ###########################################################################
 Time  2.00000E+02s: Increment 3/15-1/1 of load case 1/1
 Increment 3/15-1/1 @ Iteration 1≤0≤100

 deformation gradient aim       =
   1.0006491   -0.0000062   -0.0000065
   0.0000000    0.9994018   -0.0000035
   0.0000000    0.0000000    1.0006059

 ... evaluating constitutive response ......................................

 Piola--Kirchhoff stress       / MPa =
      105.4699        -0.0406        -0.0218
       -0.0405         0.4231        -0.0122
       -0.0211        -0.0118       105.5130

 ... doing gamma convolution ...............................................

 ... reporting .............................................................

 error divergence =         3.77 (1.99E+05 / m, tol =  5.28E+04)
 error stress BC  =         5.65 (5.96E+05 Pa,  tol =  1.06E+05)

 ===========================================================================
 Increment 3/15-1/1 @ Iteration 1≤1≤100

 deformation gradient aim       =
   1.0006541   -0.0000053   -0.0000061
   0.0000000    0.9993949   -0.0000033
   0.0000000    0.0000000    1.0006101

 ... evaluating constitutive response ......................................

 Piola--Kirchhoff stress       / MPa =
      106.0725         0.0019         0.0010
        0.0019        -0.0099         0.0004
        0.0017         0.0007       106.0708

 ... doing gamma convolution ...............................................

 ... evaluating constitutive response ......................................

 Piola--Kirchhoff stress       / MPa =
      106.0344        -0.0008        -0.0004
       -0.0008         0.0174        -0.0004
        0.0002        -0.0001       106.0355

 ... doing gamma convolution ...............................................

 ... reporting .............................................................

 error divergence =         3.21 (1.70E+05 / m, tol =  5.30E+04)
 error stress BC  =         0.30 (3.16E+04 Pa,  tol =  1.06E+05)

 ===========================================================================
 Increment 3/15-1/1 @ Iteration 1≤2≤100

 deformation gradient aim       =
   1.0006543   -0.0000053   -0.0000061
   0.0000000    0.9993947   -0.0000033
   0.0000000    0.0000000    1.0006102

 ... evaluating constitutive response ......................................

 Piola--Kirchhoff stress       / MPa =
      106.0607        -0.0014        -0.0009
       -0.0014         0.0088        -0.0002
       -0.0002         0.0001       106.0629

 ... doing gamma convolution ...............................................

 ... evaluating constitutive response ......................................

 Piola--Kirchhoff stress       / MPa =
      106.0679        -0.0010        -0.0006
       -0.0010         0.0037        -0.0001
        0.0000         0.0003       106.0696

 ... doing gamma convolution ...............................................

 ... reporting .............................................................

 error divergence =         0.45 (2.37E+04 / m, tol =  5.30E+04)
 error stress BC  =         0.03 (3.68E+03 Pa,  tol =  1.06E+05)

 ===========================================================================

 increment 3 converged

 ... saving results ........................................................
 saving solver data required for restart
 saving field and constitutive data required for restart

 ###########################################################################
 Time  2.66667E+02s: Increment 4/15-1/1 of load case 1/1
 Increment 4/15-1/1 @ Iteration 1≤0≤100

 deformation gradient aim       =
   1.0008729   -0.0000070   -0.0000081
   0.0000000    0.9991921   -0.0000043
   0.0000000    0.0000000    1.0008140

 ... evaluating constitutive response ......................................

 Piola--Kirchhoff stress       / MPa =
      141.5598         0.0063         0.0034
        0.0063        -0.0593         0.0018
        0.0045         0.0024       141.5492

 ... doing gamma convolution ...............................................

 ... reporting .............................................................

 error divergence =         0.87 (6.17E+04 / m, tol =  7.08E+04)
 error stress BC  =         0.98 (1.38E+05 Pa,  tol =  1.42E+05)

 ===========================================================================
 Increment 4/15-1/1 @ Iteration 1≤1≤100

 deformation gradient aim       =
   1.0008719   -0.0000071   -0.0000081
   0.0000000    0.9991933   -0.0000044
   0.0000000    0.0000000    1.0008131

 ... evaluating constitutive response ......................................

 Piola--Kirchhoff stress       / MPa =
      141.4204        -0.0004        -0.0002
       -0.0004         0.0019        -0.0002
        0.0010         0.0004       141.4201

 ... doing gamma convolution ...............................................

 ... evaluating constitutive response ......................................

 Piola--Kirchhoff stress       / MPa =
      141.4272        -0.0001        -0.0000
       -0.0001        -0.0011        -0.0001
        0.0011         0.0005       141.4264

 ... doing gamma convolution ...............................................

 ... reporting .............................................................

 error divergence =         0.44 (3.09E+04 / m, tol =  7.07E+04)
 error stress BC  =         0.04 (5.87E+03 Pa,  tol =  1.41E+05)

 ===========================================================================

 increment 4 converged

 ... saving results ........................................................
 saving solver data required for restart
 saving field and constitutive data required for restart

 ###########################################################################
 Time  3.33333E+02s: Increment 5/15-1/1 of load case 1/1
 Increment 5/15-1/1 @ Iteration 1≤0≤100

 deformation gradient aim       =
   1.0010893   -0.0000089   -0.0000102
   0.0000000    0.9989921   -0.0000054
   0.0000000    0.0000000    1.0010160

 ... evaluating constitutive response ......................................

 Piola--Kirchhoff stress       / MPa =
      176.7655        -0.0014        -0.0011
       -0.0014         0.0365        -0.0003
        0.0007         0.0007       176.7681

 ... doing gamma convolution ...............................................

 ... reporting .............................................................

 error divergence =         1.03 (9.10E+04 / m, tol =  8.84E+04)
 error stress BC  =         0.21 (3.65E+04 Pa,  tol =  1.77E+05)

 ===========================================================================
 Increment 5/15-1/1 @ Iteration 1≤1≤100

 deformation gradient aim       =
   1.0010895   -0.0000088   -0.0000101
   0.0000000    0.9989917   -0.0000054
   0.0000000    0.0000000    1.0010161

 ... evaluating constitutive response ......................................

 Piola--Kirchhoff stress       / MPa =
      176.7793         0.0007         0.0003
        0.0007        -0.0045         0.0001
        0.0021         0.0011       176.7785

 ... doing gamma convolution ...............................................

 ... evaluating constitutive response ......................................

 Piola--Kirchhoff stress       / MPa =
      176.7778         0.0004         0.0002
        0.0004        -0.0000         0.0001
        0.0020         0.0010       176.7774

 ... doing gamma convolution ...............................................

 ... reporting .............................................................

 error divergence =         0.11 (1.01E+04 / m, tol =  8.84E+04)
 error stress BC  =         0.01 (1.07E+03 Pa,  tol =  1.77E+05)

 ===========================================================================

 increment 5 converged

 ... saving results ........................................................
 saving solver data required for restart
 saving field and constitutive data required for restart

 ###########################################################################
 Time  4.00000E+02s: Increment 6/15-1/1 of load case 1/1
 Increment 6/15-1/1 @ Iteration 1≤0≤100

 deformation gradient aim       =
   1.0013071   -0.0000107   -0.0000122
   0.0000000    0.9987902   -0.0000065
   0.0000000    0.0000000    1.0012191

 ... evaluating constitutive response ......................................

 Piola--Kirchhoff stress       / MPa =
      212.1409        -0.0040        -0.0015
       -0.0040         0.0479        -0.0027
        0.0011        -0.0013       212.1528

 ... doing gamma convolution ...............................................

 ... reporting .............................................................

 error divergence =         1.74 (1.85E+05 / m, tol =  1.06E+05)
 error stress BC  =         0.23 (4.79E+04 Pa,  tol =  2.12E+05)

 ===========================================================================
 Increment 6/15-1/1 @ Iteration 1≤1≤100

 deformation gradient aim       =
   1.0013072   -0.0000106   -0.0000122
   0.0000000    0.9987899   -0.0000065
   0.0000000    0.0000000    1.0012191

 ... evaluating constitutive response ......................................

 Piola--Kirchhoff stress       / MPa =
      212.1289        -0.0005        -0.0007
       -0.0005         0.0053        -0.0008
        0.0018         0.0006       212.1299

 ... doing gamma convolution ...............................................

 ... evaluating constitutive response ......................................

 Piola--Kirchhoff stress       / MPa =
      212.1277        -0.0002        -0.0007
       -0.0001         0.0010        -0.0006
        0.0019         0.0008       212.1275

 ... doing gamma convolution ...............................................

 ... reporting .............................................................

 error divergence =         0.22 (2.33E+04 / m, tol =  1.06E+05)
 error stress BC  =         0.02 (4.49E+03 Pa,  tol =  2.12E+05)

 ===========================================================================

 increment 6 converged

 ... saving results ........................................................
 saving solver data required for restart
 saving field and constitutive data required for restart

 ###########################################################################
 Time  4.66667E+02s: Increment 7/15-1/1 of load case 1/1
 Increment 7/15-1/1 @ Iteration 1≤0≤100

 deformation gradient aim       =
   1.0015251   -0.0000122   -0.0000141
   0.0000000    0.9985878   -0.0000074
   0.0000000    0.0000000    1.0014222

 ... evaluating constitutive response ......................................

 Piola--Kirchhoff stress       / MPa =
      247.1929        -0.0250        -0.0106
       -0.0249         0.4787        -0.0312
       -0.0071        -0.0295       247.3741

 ... doing gamma convolution ...............................................

 ... reporting .............................................................

 error divergence =        16.02 (1.98E+06 / m, tol =  1.24E+05)
 error stress BC  =         1.94 (4.79E+05 Pa,  tol =  2.47E+05)

 ===========================================================================
 Increment 7/15-1/1 @ Iteration 1≤1≤100

 deformation gradient aim       =
   1.0015288   -0.0000117   -0.0000139
   0.0000000    0.9985824   -0.0000068
   0.0000000    0.0000000    1.0014236

 ... evaluating constitutive response ......................................

 Piola--Kirchhoff stress       / MPa =
      247.4073        -0.0095        -0.0108
       -0.0094         0.1249        -0.0152
       -0.0073        -0.0135       247.4408

 ... doing gamma convolution ...............................................

 ... evaluating constitutive response ......................................

 Piola--Kirchhoff stress       / MPa =
      247.4989        -0.0029        -0.0111
       -0.0029        -0.0264        -0.0083
       -0.0077        -0.0067       247.4690

 ... doing gamma convolution ...............................................

 ... reporting .............................................................

 error divergence =         2.84 (3.51E+05 / m, tol =  1.24E+05)
 error stress BC  =         0.11 (2.64E+04 Pa,  tol =  2.47E+05)

 ===========================================================================
 Increment 7/15-1/1 @ Iteration 1≤2≤100

 deformation gradient aim       =
   1.0015295   -0.0000114   -0.0000134
   0.0000000    0.9985812   -0.0000063
   0.0000000    0.0000000    1.0014242

 ... evaluating constitutive response ......................................

 Piola--Kirchhoff stress       / MPa =
      247.4841        -0.0017         0.0006
       -0.0017         0.0051        -0.0010
        0.0039         0.0005       247.4861

 ... doing gamma convolution ...............................................

 ... evaluating constitutive response ......................................

 Piola--Kirchhoff stress       / MPa =
      247.4916        -0.0010         0.0014
       -0.0009        -0.0068         0.0001
        0.0048         0.0017       247.4902

 ... doing gamma convolution ...............................................

 ... reporting .............................................................

 error divergence =         0.61 (7.55E+04 / m, tol =  1.24E+05)
 error stress BC  =         0.03 (6.82E+03 Pa,  tol =  2.47E+05)

 ===========================================================================

 increment 7 converged

 ... saving results ........................................................
 saving solver data required for restart
 saving field and constitutive data required for restart

 ###########################################################################
 Time  5.33333E+02s: Increment 8/15-1/1 of load case 1/1
 Increment 8/15-1/1 @ Iteration 1≤0≤100

 deformation gradient aim       =
   1.0017518   -0.0000122   -0.0000148
   0.0000000    0.9983726   -0.0000061
   0.0000000    0.0000000    1.0016292

 ... evaluating constitutive response ......................................

 Piola--Kirchhoff stress       / MPa =
      281.4302        -0.0317        -0.0165
       -0.0315         2.0440        -0.1361
       -0.0124        -0.1349       282.2560

 ... doing gamma convolution ...............................................

 ... reporting .............................................................

 error divergence =        42.79 (6.04E+06 / m, tol =  1.41E+05)
 error stress BC  =         7.24 (2.04E+06 Pa,  tol =  2.82E+05)

 ===========================================================================
 Increment 8/15-1/1 @ Iteration 1≤1≤100

 deformation gradient aim       =
   1.0017695   -0.0000116   -0.0000146
   0.0000000    0.9983479   -0.0000032
   0.0000000    0.0000000    1.0016360

 ... evaluating constitutive response ......................................

 Piola--Kirchhoff stress       / MPa =
      282.3537        -0.0198        -0.0405
       -0.0197         0.7129        -0.0734
       -0.0364        -0.0728       282.6024

 ... doing gamma convolution ...............................................

 ... evaluating constitutive response ......................................

 Piola--Kirchhoff stress       / MPa =
      283.0407        -0.0110        -0.0591
       -0.0110        -0.2802        -0.0276
       -0.0550        -0.0275       282.8599

 ... doing gamma convolution ...............................................

 ... reporting .............................................................

 error divergence =        13.87 (1.96E+06 / m, tol =  1.42E+05)
 error stress BC  =         0.99 (2.80E+05 Pa,  tol =  2.83E+05)

 ===========================================================================
 Increment 8/15-1/1 @ Iteration 1≤2≤100

 deformation gradient aim       =
   1.0017729   -0.0000109   -0.0000124
   0.0000000    0.9983424   -0.0000010
   0.0000000    0.0000000    1.0016383

 ... evaluating constitutive response ......................................

 Piola--Kirchhoff stress       / MPa =
      282.7823        -0.0123        -0.0040
       -0.0122         0.0866        -0.0135
       -0.0003        -0.0135       282.8163

 ... doing gamma convolution ...............................................

 ... evaluating constitutive response ......................................

 Piola--Kirchhoff stress       / MPa =
      282.8300        -0.0115         0.0036
       -0.0114         0.0163        -0.0048
        0.0072        -0.0048       282.8438

 ... doing gamma convolution ...............................................

 ... reporting .............................................................

 error divergence =         4.67 (6.60E+05 / m, tol =  1.41E+05)
 error stress BC  =         0.06 (1.63E+04 Pa,  tol =  2.83E+05)

 ===========================================================================
 Increment 8/15-1/1 @ Iteration 1≤3≤100

 deformation gradient aim       =
   1.0017738   -0.0000103   -0.0000124
   0.0000000    0.9983412   -0.0000006
   0.0000000    0.0000000    1.0016386

 ... evaluating constitutive response ......................................

 Piola--Kirchhoff stress       / MPa =
      282.8496        -0.0009        -0.0030
       -0.0009        -0.0111        -0.0035
        0.0006        -0.0036       282.8459

 ... doing gamma convolution ...............................................

 ... evaluating constitutive response ......................................

 Piola--Kirchhoff stress       / MPa =
      282.8357         0.0030         0.0012
        0.0030         0.0085        -0.0004
        0.0048        -0.0005       282.8456

 ... doing gamma convolution ...............................................

 ... reporting .............................................................

 error divergence =         1.29 (1.83E+05 / m, tol =  1.41E+05)
 error stress BC  =         0.03 (8.48E+03 Pa,  tol =  2.83E+05)

 ===========================================================================
 Increment 8/15-1/1 @ Iteration 1≤4≤100

 deformation gradient aim       =
   1.0017739   -0.0000104   -0.0000124
   0.0000000    0.9983412   -0.0000005
   0.0000000    0.0000000    1.0016385

 ... evaluating constitutive response ......................................

 Piola--Kirchhoff stress       / MPa =
      282.8420        -0.0002        -0.0005
       -0.0002         0.0008         0.0004
        0.0032         0.0003       282.8427

 ... doing gamma convolution ...............................................

 ... evaluating constitutive response ......................................

 Piola--Kirchhoff stress       / MPa =
      282.8432         0.0003        -0.0009
        0.0003        -0.0006         0.0009
        0.0028         0.0008       282.8423

 ... doing gamma convolution ...............................................

 ... reporting .............................................................

 error divergence =         0.30 (4.18E+04 / m, tol =  1.41E+05)
 error stress BC  =         0.00 (9.07E+02 Pa,  tol =  2.83E+05)

 ===========================================================================

 increment 8 converged

 ... saving results ........................................................
 saving solver data required for restart
 saving field and constitutive data required for restart

 ###########################################################################
 Time  6.00000E+02s: Increment 9/15-1/1 of load case 1/1
 Increment 9/15-1/1 @ Iteration 1≤0≤100

 deformation gradient aim       =
   1.0020182   -0.0000094   -0.0000113
   0.0000000    0.9981012    0.0000053
   0.0000000    0.0000000    1.0018528

 ... evaluating constitutive response ......................................

 Piola--Kirchhoff stress       / MPa =
      315.0045         0.0230         0.1770
        0.0229         4.5098        -0.3196
        0.1804        -0.3225       316.8563

 ... doing gamma convolution ...............................................

 ... reporting .............................................................

 error divergence =        43.65 (6.91E+06 / m, tol =  1.58E+05)
 error stress BC  =        14.23 (4.51E+06 Pa,  tol =  3.17E+05)

 ===========================================================================
 Increment 9/15-1/1 @ Iteration 1≤1≤100

 deformation gradient aim       =
   1.0020621   -0.0000106   -0.0000160
   0.0000000    0.9980408    0.0000129
   0.0000000    0.0000000    1.0018692

