
 <<<+-  parallelization init  -+>>>

 Open MPI v4.1.6, package: Debian OpenMPI, ident: 4.1.6, repo rev: v4.1.6, Sep 30, 2023
 MPI standard: 3.1
 OpenMP version: 201511

 MPI processes: 1
 Could not get $OMP_NUM_THREADS, using default
 OMP_NUM_THREADS: 4

 <<<+-  CLI init  -+>>>

     _/_/_/      _/_/    _/      _/    _/_/      _/_/_/  _/    _/    _/_/_/
    _/    _/  _/    _/  _/_/  _/_/  _/    _/  _/        _/  _/            _/
   _/    _/  _/_/_/_/  _/  _/  _/  _/_/_/_/    _/_/    _/_/          _/_/
  _/    _/  _/    _/  _/      _/  _/    _/        _/  _/  _/            _/
 _/_/_/    _/    _/  _/      _/  _/    _/  _/_/_/    _/    _/    _/_/_/
 Grid solver

 F. Roters et al., Computational Materials Science 158:420–478, 2019
 https://doi.org/10.1016/j.commatsci.2018.04.030

 S. Balay et al., PETSc/TAO User Manual Revision 3.19
 https://doi.org/10.2172/1968587

 Version: v3.0.1

 Compiled with: GCC version 13.3.0
 Compiled on: Linux-6.8.0-51-generic
 Compiler options: -cpp -I /usr/lib/petscdir/petsc3.19/x86_64-linux-gnu-real/include -I /usr/include/hypre -I /usr/include/suitesparse -I /usr/include/superlu -I /usr/include/superlu-dist -I /usr/include/trilinos -I /usr/include/scotch -I /usr/include/hdf5/openmpi -I /usr/include/hdf5/serial -I /usr/include -I /usr/lib/x86_64-linux-gnu/openmpi/lib/../../fortran/gfortran-mod-15/openmpi -I /usr/lib/x86_64-linux-gnu/openmpi/lib -imultiarch x86_64-linux-gnu -D_REENTRANT -D CMAKE_SYSTEM="Linux-6.8.0-51-generic" -D DAMASKVERSION="v3.0.1" -D FYAML -D GRID -D PETSC --param=l1-cache-size=32 --param=l1-cache-line-size=64 --param=l2-cache-size=512 -mtune=znver2 -mno-omit-leaf-frame-pointer -march=x86-64 -g -O2 -O2 -Wall -Wextra -Wcharacter-truncation -Wunderflow -Wsuggest-attribute=pure -Wsuggest-attribute=noreturn -Wconversion-extra -Wunused-parameter -std=f2018 -fno-omit-frame-pointer -ffile-prefix-map=/build/damask-XEckOy/damask-3.0.1=. -flto=auto -ffat-lto-objects -fstack-protector-strong -fstack-clash-protection -fcf-protection=full -fdebug-prefix-map=/build/damask-XEckOy/damask-3.0.1=/usr/src/damask-3.0.1-6~noble -fopenmp -fPIE -ffree-line-length-none -fimplicit-none -fallow-argument-mismatch -ffpe-summary=all -fpre-include=/usr/include/finclude/x86_64-linux-gnu/math-vector-fortran.h

 Compiled on: Jan 14 2025 at 07:40:31

 PETSc version: 3.19.6

 Date: 14/11/2025
 Time: 23:11:48

 Host name: UT170340
 User name: vincent

 Command line call:      DAMASK_grid --geom /home/vincent/local_Homogenization_for_Damask/projects/template_yield_surface_postprocessing_only/input_files/Polycrystal_25_5x5x5.vti --load /home/vincent/local_Homogenization_for_Damask/projects/template_yield_surface_postprocessing_only/damask_files/yield_surface/shear_xz_yz_q0_1/LOADCASE.yaml --material /home/vincent/local_Homogenization_for_Damask/projects/template_yield_surface_postprocessing_only/input_files/titanium_assigned.yaml --numerics /home/vincent/local_Homogenization_for_Damask/projects/template_yield_surface_postprocessing_only/damask_files/yield_surface/shear_xz_yz_q0_1/NUMERICS.yaml --jobname template_yield_surface_postprocessing_only --workingdirectory /home/vincent/local_Homogenization_for_Damask/projects/template_yield_surface_postprocessing_only/damask_files/yield_surface/shear_xz_yz_q0_1

 Working directory:      /home/vincent/local_Homogenization_for_Damask/projects/template_yield_surface_postprocessing_only/damask_files/yield_surface/shear_xz_yz_q0_1
 Geometry:               ../../../input_files/Polycrystal_25_5x5x5.vti <-- /home/vincent/local_Homogenization_for_Damask/projects/template_yield_surface_postprocessing_only/input_files/Polycrystal_25_5x5x5.vti
 Load case:              LOADCASE.yaml <-- /home/vincent/local_Homogenization_for_Damask/projects/template_yield_surface_postprocessing_only/damask_files/yield_surface/shear_xz_yz_q0_1/LOADCASE.yaml
 Material config:        ../../../input_files/titanium_assigned.yaml <-- /home/vincent/local_Homogenization_for_Damask/projects/template_yield_surface_postprocessing_only/input_files/titanium_assigned.yaml
 Numerics config:        NUMERICS.yaml <-- /home/vincent/local_Homogenization_for_Damask/projects/template_yield_surface_postprocessing_only/damask_files/yield_surface/shear_xz_yz_q0_1/NUMERICS.yaml
 Solver job name:        template_yield_surface_postprocessing_only

 <<<+-  system_routines init  -+>>>

 <<<+-  prec init  -+>>>

 integer size / bit:   32
   maximum value:              2147483647

 real size / bit:      64
   maximum value:      0.180+309
   minimum value:      0.223-307
   epsilon value:      0.222E-15
   decimal precision:  15

 <<<+-  misc init  -+>>>

 <<<+-  IO init  -+>>>

 <<<+-  base64 init  -+>>>

 <<<+-  types init  -+>>>

 <<<+-  YAML init  -+>>>

 libfyaml powered

 <<<+-  HDF5_utilities init  -+>>>

 <<<+-  result init  -+>>>

 M. Diehl et al., Integrating Materials and Manufacturing Innovation 6(1):83–91, 2017
 https://doi.org/10.1007/s40192-017-0084-5

 <<<+-  config init  -+>>>

 reading material configuration

 reading numerics configuration

 <<<+-  math init  -+>>>

 size  of random seed:      8
 value of random seed:       -184459168  1839081920  1068140411   324206574   479050131  1277337932  1237116743 -1884941211
 start of random sequence: 
                           0.90436196005486
                           0.23170176059261
                           0.29034110542945
                           0.71298597805410

 <<<+-  rotations init  -+>>>

 D. Rowenhorst et al., Modelling and Simulation in Materials Science and Engineering 23:083501, 2015
 https://doi.org/10.1088/0965-0393/23/8/083501

 <<<+-  polynomials init  -+>>>

 <<<+-  tables init  -+>>>

 <<<+-  crystal init  -+>>>

 <<<+-  discretization_grid init  -+>>>

 cells:  5 × 5 × 5
 size:   1.00E-05 × 1.00E-05 × 1.00E-05 m³
 origin:  0.00E+00  0.00E+00  0.00E+00 m

 <<<+-  discretization init  -+>>>

 <<<+-  material init  -+>>>

 parsed material.yaml

 <<<+-  phase init  -+>>>

 phase 1: A

 references:
   - https://www.totalmateria.com/page.aspx?ID=CheckArticle&site=ktn&NM=221
   - https://en.wikipedia.org/wiki/Titanium

 <<<+-  phase:mechanical init  -+>>>

 <<<+-  phase:mechanical:elastic init  -+>>>

 <<<+-  phase:mechanical:elastic:Hooke init  -+>>>

 # phases: 1

 phase 1: A

 references:
   - E.S. Fisher and C.J. Renken, Physical Review 135(2A):A482-A494, 1964,
     https://doi.org/10.1103/PhysRev.135.A482, fit to Tab. IV (T_min=77K, 
     T_max=923K) 

 <<<+-  phase:mechanical:plasticity init  -+>>>

 <<<+-  phase:mechanical:plastic:phenopowerlaw init  -+>>>

 # phases: 1

 phase 1: A

 references:
   - C. Zambaldi et al., Journal of Materials Research 27(1):356-367, 2021,
     https://doi.org/10.1557/jmr.2011.334 
   - L. Wang et al., Acta Materialia 132:598-610, 2017,
     https://doi.org/10.1016/j.actamat.2017.05.015 

 <<<+-  phase:mechanical:eigen init  -+>>>

 <<<+-  phase:damage init  -+>>>

 <<<+-  phase:thermal init  -+>>>

 <<<+-  homogenization init  -+>>>

 <<<+-  homogenization:mechanical init  -+>>>

 <<<+-  homogenization:mechanical:pass init  -+>>>

 # homogenizations: 1

 <<<+-  homogenization:thermal init  -+>>>

 <<<+-  homogenization:damage init  -+>>>

 <<<+-  homogenization:damage:pass init  -+>>>

 <<<+-  materialpoint init  -+>>>

 deallocating material configuration

 <<<+-  DAMASK_grid init  -+>>>

 P. Shanthraj et al., Handbook of Mechanics of Materials, 2019
 https://doi.org/10.1007/978-981-10-6855-3_80

 <<<+-  spectral_utilities init  -+>>>

 M. Diehl, Diploma Thesis TU München, 2010
 https://doi.org/10.13140/2.1.3234.3840

 P. Eisenlohr et al., International Journal of Plasticity 46:37–53, 2013
 https://doi.org/10.1016/j.ijplas.2012.09.012

 P. Shanthraj et al., International Journal of Plasticity 66:31–45, 2015
 https://doi.org/10.1016/j.ijplas.2014.02.006

 P. Shanthraj et al., Handbook of Mechanics of Materials, 2019
 https://doi.org/10.1007/978-981-10-6855-3_80

 M. Frigo and S.G. Johnson, Proceedings of the IEEE 93(2):216–231, 2005
 https://doi.org/10.1109/jproc.2004.840301

 FFTW initialized

 <<<+-  grid_mechanical_spectral_basic init  -+>>>

 P. Eisenlohr et al., International Journal of Plasticity 46:37–53, 2013
 https://doi.org/10.1016/j.ijplas.2012.09.012

 P. Shanthraj et al., International Journal of Plasticity 66:31–45, 2015
 https://doi.org/10.1016/j.ijplas.2014.02.006

 ... evaluating constitutive response ......................................

 Piola--Kirchhoff stress       / MPa =
        0.0000         0.0000         0.0000
        0.0000         0.0000        -0.0000
        0.0000        -0.0000         0.0000

 deallocating numerics configuration

 ... saving initial configuration ..........................................

 load case: 1
  estimate_rate: F
  F:
       x             x             x      
     0.0000000       x             x      
     0.0000000     0.0000000       x      
  P / MPa:
        0.0000        0.0000      247.4874
       x              0.0000      247.4874
       x             x              0.0000
  r: 1 (constant step width)
  t: 1000.000
  N: 15
  f_out: 1
  f_restart: 1

 ###########################################################################
 Time  6.66667E+01s: Increment 1/15-1/1 of load case 1/1
 Increment 1/15-1/1 @ Iteration 1≤0≤100

 deformation gradient aim       =
   1.0000000    0.0000000    0.0000000
   0.0000000    1.0000000    0.0000000
   0.0000000    0.0000000    1.0000000

 ... evaluating constitutive response ......................................

 Piola--Kirchhoff stress       / MPa =
       -0.0000         0.0000         0.0000
        0.0000        -0.0000        -0.0000
        0.0000        -0.0000        -0.0000

 ... doing gamma convolution ...............................................

 ... reporting .............................................................

 error divergence =         1.24 (1.24E-04 / m, tol =  1.00E-04)
 error stress BC  =     16499.16 (1.65E+07 Pa,  tol =  1.00E+03)

 ===========================================================================
 Increment 1/15-1/1 @ Iteration 1≤1≤100

 deformation gradient aim       =
   0.9999979    0.0000005    0.0003681
   0.0000000    1.0000017    0.0003599
   0.0000000    0.0000000    1.0000003

 ... evaluating constitutive response ......................................

 Piola--Kirchhoff stress       / MPa =
        0.0163         0.0061        16.4991
        0.0060         0.0161        16.4992
       16.4992        16.4992         0.0222

 ... doing gamma convolution ...............................................

 ... evaluating constitutive response ......................................

 Piola--Kirchhoff stress       / MPa =
        0.0158         0.0059        16.2676
        0.0058         0.0156        16.2676
       16.2676        16.2676         0.0216

 ... doing gamma convolution ...............................................

 ... reporting .............................................................

 error divergence =       971.07 (7.90E+06 / m, tol =  8.13E+03)
 error stress BC  =        14.24 (2.32E+05 Pa,  tol =  1.63E+04)

 ===========================================================================
 Increment 1/15-1/1 @ Iteration 1≤2≤100

 deformation gradient aim       =
   0.9999978    0.0000002    0.0003732
   0.0000000    1.0000017    0.0003650
   0.0000000    0.0000000    1.0000001

 ... evaluating constitutive response ......................................

 Piola--Kirchhoff stress       / MPa =
        0.0367        -0.0261        16.2539
       -0.0262         0.0235        16.2347
       16.2539        16.2347        -0.0641

 ... doing gamma convolution ...............................................

 ... evaluating constitutive response ......................................

 Piola--Kirchhoff stress       / MPa =
        0.0367        -0.0251        16.5047
       -0.0253         0.0238        16.4861
       16.5048        16.4861        -0.0614

 ... doing gamma convolution ...............................................

 ... reporting .............................................................

 error divergence =       120.44 (9.94E+05 / m, tol =  8.25E+03)
 error stress BC  =         3.72 (6.14E+04 Pa,  tol =  1.65E+04)

 ===========================================================================
 Increment 1/15-1/1 @ Iteration 1≤3≤100

 deformation gradient aim       =
   0.9999970    0.0000014    0.0003785
   0.0000000    1.0000012    0.0003711
   0.0000000    0.0000000    1.0000015

 ... evaluating constitutive response ......................................

 Piola--Kirchhoff stress       / MPa =
        0.0002        -0.0042        16.4941
       -0.0043         0.0032        16.4933
       16.4942        16.4933        -0.0006

 ... doing gamma convolution ...............................................

 ... evaluating constitutive response ......................................

 Piola--Kirchhoff stress       / MPa =
        0.0012        -0.0050        16.4998
       -0.0052         0.0037        16.4984
       16.4998        16.4984        -0.0029

 ... doing gamma convolution ...............................................

 ... reporting .............................................................

 error divergence =        17.52 (1.45E+05 / m, tol =  8.25E+03)
 error stress BC  =         0.30 (5.02E+03 Pa,  tol =  1.65E+04)

 ===========================================================================
 Increment 1/15-1/1 @ Iteration 1≤4≤100

 deformation gradient aim       =
   0.9999970    0.0000016    0.0003786
   0.0000000    1.0000011    0.0003712
   0.0000000    0.0000000    1.0000016

 ... evaluating constitutive response ......................................

 Piola--Kirchhoff stress       / MPa =
       -0.0000        -0.0001        16.4996
       -0.0003         0.0005        16.4992
       16.4996        16.4992        -0.0006

 ... doing gamma convolution ...............................................

 ... evaluating constitutive response ......................................

 Piola--Kirchhoff stress       / MPa =
       -0.0006         0.0002        16.4992
        0.0000         0.0002        16.4991
       16.4993        16.4991         0.0004

 ... doing gamma convolution ...............................................

 ... reporting .............................................................

 error divergence =         2.24 (1.85E+04 / m, tol =  8.25E+03)
 error stress BC  =         0.03 (5.75E+02 Pa,  tol =  1.65E+04)

 ===========================================================================
 Increment 1/15-1/1 @ Iteration 1≤5≤100

 deformation gradient aim       =
   0.9999970    0.0000016    0.0003786
   0.0000000    1.0000011    0.0003712
   0.0000000    0.0000000    1.0000016

 ... evaluating constitutive response ......................................

 Piola--Kirchhoff stress       / MPa =
        0.0001        -0.0001        16.4992
       -0.0002         0.0000        16.4992
       16.4992        16.4992        -0.0001

 ... doing gamma convolution ...............................................

 ... evaluating constitutive response ......................................

 Piola--Kirchhoff stress       / MPa =
        0.0000         0.0000        16.4991
       -0.0001        -0.0000        16.4992
       16.4992        16.4992        -0.0000

 ... doing gamma convolution ...............................................

 ... reporting .............................................................

 error divergence =         0.31 (2.58E+03 / m, tol =  8.25E+03)
 error stress BC  =         0.00 (4.71E+01 Pa,  tol =  1.65E+04)

 ===========================================================================

 increment 1 converged

 ... saving results ........................................................
 saving solver data required for restart
 saving field and constitutive data required for restart

 ###########################################################################
 Time  1.33333E+02s: Increment 2/15-1/1 of load case 1/1
 Increment 2/15-1/1 @ Iteration 1≤0≤100

 deformation gradient aim       =
   0.9999939    0.0000032    0.0007573
   0.0000000    1.0000022    0.0007424
   0.0000000    0.0000000    1.0000031

 ... evaluating constitutive response ......................................

 Piola--Kirchhoff stress       / MPa =
       -0.0710         0.0617        33.4528
        0.0611        -0.0512        33.4933
       33.4529        33.4933         0.1346

 ... doing gamma convolution ...............................................

 ... reporting .............................................................

 error divergence =        14.37 (2.41E+05 / m, tol =  1.67E+04)
 error stress BC  =        14.78 (4.95E+05 Pa,  tol =  3.35E+04)

 ===========================================================================
 Increment 2/15-1/1 @ Iteration 1≤1≤100

 deformation gradient aim       =
   0.9999948    0.0000018    0.0007472
   0.0000000    1.0000027    0.0007316
   0.0000000    0.0000000    1.0000017

 ... evaluating constitutive response ......................................

 Piola--Kirchhoff stress       / MPa =
        0.0017        -0.0022        32.9909
       -0.0027         0.0006        32.9902
       32.9910        32.9902        -0.0054

 ... doing gamma convolution ...............................................

 ... evaluating constitutive response ......................................

 Piola--Kirchhoff stress       / MPa =
       -0.0016         0.0008        33.0121
        0.0003        -0.0018        33.0133
       33.0122        33.0133         0.0010

 ... doing gamma convolution ...............................................

 ... reporting .............................................................

 error divergence =        13.59 (2.24E+05 / m, tol =  1.65E+04)
 error stress BC  =         0.45 (1.50E+04 Pa,  tol =  3.30E+04)

 ===========================================================================
 Increment 2/15-1/1 @ Iteration 1≤2≤100

 deformation gradient aim       =
   0.9999948    0.0000018    0.0007470
   0.0000000    1.0000027    0.0007315
   0.0000000    0.0000000    1.0000017

 ... evaluating constitutive response ......................................

 Piola--Kirchhoff stress       / MPa =
       -0.0026         0.0017        33.0053
        0.0012        -0.0014        33.0058
       33.0054        33.0058         0.0038

 ... doing gamma convolution ...............................................

 ... evaluating constitutive response ......................................

 Piola--Kirchhoff stress       / MPa =
       -0.0015         0.0008        32.9985
        0.0002        -0.0006        32.9985
       32.9987        32.9984         0.0017

 ... doing gamma convolution ...............................................

 ... reporting .............................................................

 error divergence =         1.78 (2.94E+04 / m, tol =  1.65E+04)
 error stress BC  =         0.05 (1.66E+03 Pa,  tol =  3.30E+04)

 ===========================================================================
 Increment 2/15-1/1 @ Iteration 1≤3≤100

 deformation gradient aim       =
   0.9999949    0.0000017    0.0007469
   0.0000000    1.0000027    0.0007313
   0.0000000    0.0000000    1.0000016

 ... evaluating constitutive response ......................................

 Piola--Kirchhoff stress       / MPa =
       -0.0000         0.0002        32.9986
       -0.0004        -0.0002        32.9986
       32.9987        32.9986         0.0001

 ... doing gamma convolution ...............................................

 ... evaluating constitutive response ......................................

 Piola--Kirchhoff stress       / MPa =
       -0.0000         0.0002        32.9983
       -0.0004        -0.0001        32.9983
       32.9985        32.9983         0.0001

 ... doing gamma convolution ...............................................

 ... reporting .............................................................

 error divergence =         0.25 (4.12E+03 / m, tol =  1.65E+04)
 error stress BC  =         0.00 (1.56E+02 Pa,  tol =  3.30E+04)

 ===========================================================================

 increment 2 converged

 ... saving results ........................................................
 saving solver data required for restart
 saving field and constitutive data required for restart

 ###########################################################################
 Time  2.00000E+02s: Increment 3/15-1/1 of load case 1/1
 Increment 3/15-1/1 @ Iteration 1≤0≤100

 deformation gradient aim       =
   0.9999928    0.0000019    0.0011151
   0.0000000    1.0000044    0.0010913
   0.0000000    0.0000000    1.0000017

 ... evaluating constitutive response ......................................

 Piola--Kirchhoff stress       / MPa =
        0.0918        -0.0157        49.2427
       -0.0168         0.0803        49.2202
       49.2431        49.2201        -0.0042

 ... doing gamma convolution ...............................................

 ... reporting .............................................................

 error divergence =         5.30 (1.31E+05 / m, tol =  2.46E+04)
 error stress BC  =         5.63 (2.77E+05 Pa,  tol =  4.92E+04)

 ===========================================================================
 Increment 3/15-1/1 @ Iteration 1≤1≤100

 deformation gradient aim       =
   0.9999921    0.0000022    0.0011207
   0.0000000    1.0000040    0.0010974
   0.0000000    0.0000000    1.0000022

 ... evaluating constitutive response ......................................

 Piola--Kirchhoff stress       / MPa =
       -0.0008         0.0011        49.5015
       -0.0000        -0.0003        49.5019
       49.5019        49.5018         0.0028

 ... doing gamma convolution ...............................................

 ... evaluating constitutive response ......................................

 Piola--Kirchhoff stress       / MPa =
        0.0033         0.0004        49.4900
       -0.0008         0.0033        49.4894
       49.4904        49.4893         0.0025

 ... doing gamma convolution ...............................................

 ... reporting .............................................................

 error divergence =         5.02 (1.24E+05 / m, tol =  2.47E+04)
 error stress BC  =         0.16 (8.07E+03 Pa,  tol =  4.95E+04)

 ===========================================================================
 Increment 3/15-1/1 @ Iteration 1≤2≤100

 deformation gradient aim       =
   0.9999921    0.0000022    0.0011208
   0.0000000    1.0000040    0.0010975
   0.0000000    0.0000000    1.0000022

 ... evaluating constitutive response ......................................

 Piola--Kirchhoff stress       / MPa =
        0.0013        -0.0006        49.4937
       -0.0018         0.0007        49.4933
       49.4940        49.4932        -0.0019

 ... doing gamma convolution ...............................................

 ... evaluating constitutive response ......................................

 Piola--Kirchhoff stress       / MPa =
        0.0000        -0.0004        49.4974
       -0.0015        -0.0005        49.4973
       49.4978        49.4972        -0.0017

 ... doing gamma convolution ...............................................

 ... reporting .............................................................

 error divergence =         0.66 (1.63E+04 / m, tol =  2.47E+04)
 error stress BC  =         0.03 (1.70E+03 Pa,  tol =  4.95E+04)

 ===========================================================================

 increment 3 converged

 ... saving results ........................................................
 saving solver data required for restart
 saving field and constitutive data required for restart

 ###########################################################################
 Time  2.66667E+02s: Increment 4/15-1/1 of load case 1/1
 Increment 4/15-1/1 @ Iteration 1≤0≤100

 deformation gradient aim       =
   0.9999894    0.0000027    0.0014949
   0.0000000    1.0000052    0.0014639
   0.0000000    0.0000000    1.0000028

 ... evaluating constitutive response ......................................

 Piola--Kirchhoff stress       / MPa =
        0.0242         0.0141        66.0255
        0.0120         0.0254        66.0280
       66.0261        66.0278         0.0474

 ... doing gamma convolution ...............................................

 ... reporting .............................................................

 error divergence =         1.29 (4.27E+04 / m, tol =  3.30E+04)
 error stress BC  =         0.72 (4.74E+04 Pa,  tol =  6.60E+04)

 ===========================================================================
 Increment 4/15-1/1 @ Iteration 1≤1≤100

 deformation gradient aim       =
   0.9999894    0.0000024    0.0014943
   0.0000000    1.0000052    0.0014632
   0.0000000    0.0000000    1.0000025

 ... evaluating constitutive response ......................................

 Piola--Kirchhoff stress       / MPa =
        0.0002        -0.0003        65.9958
       -0.0024         0.0002        65.9957
       65.9965        65.9955        -0.0007

 ... doing gamma convolution ...............................................

 ... evaluating constitutive response ......................................

 Piola--Kirchhoff stress       / MPa =
        0.0015         0.0004        65.9973
       -0.0017         0.0015        65.9973
       65.9980        65.9972         0.0017

 ... doing gamma convolution ...............................................

 ... reporting .............................................................

 error divergence =         0.41 (1.35E+04 / m, tol =  3.30E+04)
 error stress BC  =         0.03 (1.75E+03 Pa,  tol =  6.60E+04)

 ===========================================================================

 increment 4 converged

 ... saving results ........................................................
 saving solver data required for restart
 saving field and constitutive data required for restart

 ###########################################################################
 Time  3.33333E+02s: Increment 5/15-1/1 of load case 1/1
 Increment 5/15-1/1 @ Iteration 1≤0≤100

 deformation gradient aim       =
   0.9999866    0.0000025    0.0018677
   0.0000000    1.0000064    0.0018288
   0.0000000    0.0000000    1.0000028

 ... evaluating constitutive response ......................................

 Piola--Kirchhoff stress       / MPa =
        0.0328         0.0138        82.4709
        0.0106         0.0342        82.4718
       82.4719        82.4714         0.0431

 ... doing gamma convolution ...............................................

 ... reporting .............................................................

 error divergence =         2.96 (1.22E+05 / m, tol =  4.12E+04)
 error stress BC  =         0.52 (4.31E+04 Pa,  tol =  8.25E+04)

 ===========================================================================
 Increment 5/15-1/1 @ Iteration 1≤1≤100

 deformation gradient aim       =
   0.9999865    0.0000022    0.0018683
   0.0000000    1.0000063    0.0018294
   0.0000000    0.0000000    1.0000026

 ... evaluating constitutive response ......................................

 Piola--Kirchhoff stress       / MPa =
        0.0003         0.0008        82.4951
       -0.0024         0.0002        82.4948
       82.4962        82.4945        -0.0003

 ... doing gamma convolution ...............................................

 ... evaluating constitutive response ......................................

 Piola--Kirchhoff stress       / MPa =
       -0.0017        -0.0000        82.4966
       -0.0032        -0.0019        82.4962
       82.4977        82.4959        -0.0030

 ... doing gamma convolution ...............................................

 ... reporting .............................................................

 error divergence =         0.45 (1.87E+04 / m, tol =  4.12E+04)
 error stress BC  =         0.04 (3.00E+03 Pa,  tol =  8.25E+04)

 ===========================================================================

 increment 5 converged

 ... saving results ........................................................
 saving solver data required for restart
 saving field and constitutive data required for restart

 ###########################################################################
 Time  4.00000E+02s: Increment 6/15-1/1 of load case 1/1
 Increment 6/15-1/1 @ Iteration 1≤0≤100

 deformation gradient aim       =
   0.9999837    0.0000020    0.0022422
   0.0000000    1.0000074    0.0021955
   0.0000000    0.0000000    1.0000028

 ... evaluating constitutive response ......................................

 Piola--Kirchhoff stress       / MPa =
       -0.0075         0.0503        98.6485
        0.0456         0.0715        98.7135
       98.6500        98.7130         0.0488

 ... doing gamma convolution ...............................................

 ... reporting .............................................................

 error divergence =        47.68 (2.35E+06 / m, tol =  4.94E+04)
 error stress BC  =         3.51 (3.46E+05 Pa,  tol =  9.87E+04)

 ===========================================================================
 Increment 6/15-1/1 @ Iteration 1≤1≤100

 deformation gradient aim       =
   0.9999841    0.0000008    0.0022500
   0.0000000    1.0000069    0.0022017
   0.0000000    0.0000000    1.0000025

 ... evaluating constitutive response ......................................

 Piola--Kirchhoff stress       / MPa =
        0.0044         0.0084        98.9044
        0.0036         0.0146        98.9129
       98.9062        98.9125        -0.0175

 ... doing gamma convolution ...............................................

 ... evaluating constitutive response ......................................

 Piola--Kirchhoff stress       / MPa =
        0.0084        -0.0059        98.9921
       -0.0107        -0.0050        98.9812
       98.9940        98.9809        -0.0406

 ... doing gamma convolution ...............................................

 ... reporting .............................................................

 error divergence =         7.25 (3.59E+05 / m, tol =  4.95E+04)
 error stress BC  =         0.41 (4.06E+04 Pa,  tol =  9.90E+04)

 ===========================================================================
 Increment 6/15-1/1 @ Iteration 1≤2≤100

 deformation gradient aim       =
   0.9999838    0.0000007    0.0022521
   0.0000000    1.0000067    0.0022038
   0.0000000    0.0000000    1.0000031

 ... evaluating constitutive response ......................................

 Piola--Kirchhoff stress       / MPa =
        0.0005         0.0021        98.9936
       -0.0028        -0.0010        98.9914
       98.9954        98.9910         0.0008

 ... doing gamma convolution ...............................................

 ... evaluating constitutive response ......................................

 Piola--Kirchhoff stress       / MPa =
        0.0009         0.0010        99.0011
       -0.0038        -0.0026        98.9972
       99.0030        98.9968        -0.0007

 ... doing gamma convolution ...............................................

 ... reporting .............................................................

 error divergence =         1.17 (5.77E+04 / m, tol =  4.95E+04)
 error stress BC  =         0.06 (6.20E+03 Pa,  tol =  9.90E+04)

 ===========================================================================
 Increment 6/15-1/1 @ Iteration 1≤3≤100

 deformation gradient aim       =
   0.9999838    0.0000007    0.0022520
   0.0000000    1.0000067    0.0022038
   0.0000000    0.0000000    1.0000031

 ... evaluating constitutive response ......................................

 Piola--Kirchhoff stress       / MPa =
        0.0006        -0.0001        98.9952
       -0.0049        -0.0001        98.9949
       98.9970        98.9945        -0.0004

 ... doing gamma convolution ...............................................

 ... evaluating constitutive response ......................................

 Piola--Kirchhoff stress       / MPa =
        0.0004         0.0001        98.9950
       -0.0047         0.0000        98.9950
       98.9968        98.9946         0.0006

 ... doing gamma convolution ...............................................

 ... reporting .............................................................

 error divergence =         0.18 (8.96E+03 / m, tol =  4.95E+04)
 error stress BC  =         0.01 (5.69E+02 Pa,  tol =  9.90E+04)

 ===========================================================================

 increment 6 converged

 ... saving results ........................................................
 saving solver data required for restart
 saving field and constitutive data required for restart

 ###########################################################################
 Time  4.66667E+02s: Increment 7/15-1/1 of load case 1/1
 Increment 7/15-1/1 @ Iteration 1≤0≤100

 deformation gradient aim       =
   0.9999811   -0.0000009    0.0026357
   0.0000000    1.0000072    0.0025782
   0.0000000    0.0000000    1.0000035

 ... evaluating constitutive response ......................................

 Piola--Kirchhoff stress       / MPa =
       -0.2073         0.0954       114.1537
        0.0879         0.1902       114.5154
      114.1559       114.5147         0.1286

 ... doing gamma convolution ...............................................

 ... reporting .............................................................

 error divergence =       124.58 (7.13E+06 / m, tol =  5.73E+04)
 error stress BC  =        11.71 (1.34E+06 Pa,  tol =  1.15E+05)

 ===========================================================================
 Increment 7/15-1/1 @ Iteration 1≤1≤100

 deformation gradient aim       =
   0.9999837   -0.0000033    0.0026670
   0.0000000    1.0000053    0.0026005
   0.0000000    0.0000000    1.0000023

 ... evaluating constitutive response ......................................

 Piola--Kirchhoff stress       / MPa =
       -0.0345         0.0078       115.0175
       -0.0002         0.0668       115.1440
      115.0200       115.1438        -0.0373

 ... doing gamma convolution ...............................................

 ... evaluating constitutive response ......................................

 Piola--Kirchhoff stress       / MPa =
        0.0744        -0.0486       115.5553
       -0.0570        -0.0109       115.5362
      115.5581       115.5362        -0.1432

 ... doing gamma convolution ...............................................

 ... reporting .............................................................

 error divergence =        30.02 (1.73E+06 / m, tol =  5.78E+04)
 error stress BC  =         1.24 (1.43E+05 Pa,  tol =  1.16E+05)

 ===========================================================================
 Increment 7/15-1/1 @ Iteration 1≤2≤100

 deformation gradient aim       =
   0.9999830   -0.0000025    0.0026767
   0.0000000    1.0000044    0.0026075
   0.0000000    0.0000000    1.0000040

 ... evaluating constitutive response ......................................

 Piola--Kirchhoff stress       / MPa =
        0.0023         0.0032       115.4489
       -0.0051         0.0007       115.4610
      115.4514       115.4609        -0.0023

 ... doing gamma convolution ...............................................

 ... evaluating constitutive response ......................................

 Piola--Kirchhoff stress       / MPa =
        0.0038         0.0048       115.4971
       -0.0036        -0.0068       115.4964
      115.4997       115.4963         0.0075

 ... doing gamma convolution ...............................................

 ... reporting .............................................................

 error divergence =         7.80 (4.50E+05 / m, tol =  5.77E+04)
 error stress BC  =         0.06 (7.49E+03 Pa,  tol =  1.15E+05)

 ===========================================================================
 Increment 7/15-1/1 @ Iteration 1≤3≤100

 deformation gradient aim       =
   0.9999830   -0.0000027    0.0026777
   0.0000000    1.0000045    0.0026082
   0.0000000    0.0000000    1.0000039

 ... evaluating constitutive response ......................................

 Piola--Kirchhoff stress       / MPa =
        0.0057        -0.0026       115.4951
       -0.0109        -0.0013       115.5001
      115.4977       115.5000        -0.0037

 ... doing gamma convolution ...............................................

 ... evaluating constitutive response ......................................

 Piola--Kirchhoff stress       / MPa =
        0.0015        -0.0007       115.4896
       -0.0091         0.0003       115.4975
      115.4922       115.4974         0.0032

 ... doing gamma convolution ...............................................

 ... reporting .............................................................

 error divergence =         1.75 (1.01E+05 / m, tol =  5.77E+04)
 error stress BC  =         0.04 (4.54E+03 Pa,  tol =  1.15E+05)

 ===========================================================================
 Increment 7/15-1/1 @ Iteration 1≤4≤100

 deformation gradient aim       =
   0.9999829   -0.0000026    0.0026778
   0.0000000    1.0000046    0.0026080
   0.0000000    0.0000000    1.0000040

 ... evaluating constitutive response ......................................

 Piola--Kirchhoff stress       / MPa =
       -0.0000         0.0001       115.4934
       -0.0083        -0.0001       115.4949
      115.4960       115.4948        -0.0001

 ... doing gamma convolution ...............................................

 ... evaluating constitutive response ......................................

 Piola--Kirchhoff stress       / MPa =
       -0.0004        -0.0001       115.4935
       -0.0085         0.0002       115.4946
      115.4961       115.4945        -0.0009

 ... doing gamma convolution ...............................................

 ... reporting .............................................................

 error divergence =         0.45 (2.59E+04 / m, tol =  5.77E+04)
 error stress BC  =         0.01 (8.89E+02 Pa,  tol =  1.15E+05)

 ===========================================================================

 increment 7 converged

 ... saving results ........................................................
 saving solver data required for restart
 saving field and constitutive data required for restart

 ###########################################################################
 Time  5.33333E+02s: Increment 8/15-1/1 of load case 1/1
 Increment 8/15-1/1 @ Iteration 1≤0≤100

 deformation gradient aim       =
   0.9999820   -0.0000058    0.0031037
   0.0000000    1.0000024    0.0030122
   0.0000000    0.0000000    1.0000049

 ... evaluating constitutive response ......................................

 Piola--Kirchhoff stress       / MPa =
       -0.2897        -0.0541       129.8504
       -0.0671         0.1941       130.2179
      129.8534       130.2176         0.2091

 ... doing gamma convolution ...............................................

 ... reporting .............................................................

 error divergence =       106.46 (6.93E+06 / m, tol =  6.51E+04)
 error stress BC  =        16.46 (2.14E+06 Pa,  tol =  1.30E+05)

 ===========================================================================
 Increment 8/15-1/1 @ Iteration 1≤1≤100

 deformation gradient aim       =
   0.9999859   -0.0000049    0.0031571
   0.0000000    1.0000002    0.0030548
   0.0000000    0.0000000    1.0000026

