
 <<<+-  parallelization init  -+>>>

 Open MPI v4.1.6, package: Debian OpenMPI, ident: 4.1.6, repo rev: v4.1.6, Sep 30, 2023
 MPI standard: 3.1
 OpenMP version: 201511

 MPI processes: 1
 Could not get $OMP_NUM_THREADS, using default
 OMP_NUM_THREADS: 4

 <<<+-  CLI init  -+>>>

     _/_/_/      _/_/    _/      _/    _/_/      _/_/_/  _/    _/    _/_/_/
    _/    _/  _/    _/  _/_/  _/_/  _/    _/  _/        _/  _/            _/
   _/    _/  _/_/_/_/  _/  _/  _/  _/_/_/_/    _/_/    _/_/          _/_/
  _/    _/  _/    _/  _/      _/  _/    _/        _/  _/  _/            _/
 _/_/_/    _/    _/  _/      _/  _/    _/  _/_/_/    _/    _/    _/_/_/
 Grid solver

 F. Roters et al., Computational Materials Science 158:420–478, 2019
 https://doi.org/10.1016/j.commatsci.2018.04.030

 S. Balay et al., PETSc/TAO User Manual Revision 3.19
 https://doi.org/10.2172/1968587

 Version: v3.0.1

 Compiled with: GCC version 13.3.0
 Compiled on: Linux-6.8.0-51-generic
 Compiler options: -cpp -I /usr/lib/petscdir/petsc3.19/x86_64-linux-gnu-real/include -I /usr/include/hypre -I /usr/include/suitesparse -I /usr/include/superlu -I /usr/include/superlu-dist -I /usr/include/trilinos -I /usr/include/scotch -I /usr/include/hdf5/openmpi -I /usr/include/hdf5/serial -I /usr/include -I /usr/lib/x86_64-linux-gnu/openmpi/lib/../../fortran/gfortran-mod-15/openmpi -I /usr/lib/x86_64-linux-gnu/openmpi/lib -imultiarch x86_64-linux-gnu -D_REENTRANT -D CMAKE_SYSTEM="Linux-6.8.0-51-generic" -D DAMASKVERSION="v3.0.1" -D FYAML -D GRID -D PETSC --param=l1-cache-size=32 --param=l1-cache-line-size=64 --param=l2-cache-size=512 -mtune=znver2 -mno-omit-leaf-frame-pointer -march=x86-64 -g -O2 -O2 -Wall -Wextra -Wcharacter-truncation -Wunderflow -Wsuggest-attribute=pure -Wsuggest-attribute=noreturn -Wconversion-extra -Wunused-parameter -std=f2018 -fno-omit-frame-pointer -ffile-prefix-map=/build/damask-XEckOy/damask-3.0.1=. -flto=auto -ffat-lto-objects -fstack-protector-strong -fstack-clash-protection -fcf-protection=full -fdebug-prefix-map=/build/damask-XEckOy/damask-3.0.1=/usr/src/damask-3.0.1-6~noble -fopenmp -fPIE -ffree-line-length-none -fimplicit-none -fallow-argument-mismatch -ffpe-summary=all -fpre-include=/usr/include/finclude/x86_64-linux-gnu/math-vector-fortran.h

 Compiled on: Jan 14 2025 at 07:40:31

 PETSc version: 3.19.6

 Date: 14/11/2025
 Time: 23:08:16

 Host name: UT170340
 User name: vincent

 Command line call:      DAMASK_grid --geom /home/vincent/local_Homogenization_for_Damask/projects/template_yield_surface_postprocessing_only/input_files/Polycrystal_25_5x5x5.vti --load /home/vincent/local_Homogenization_for_Damask/projects/template_yield_surface_postprocessing_only/damask_files/yield_surface/tensile_x_y_q1_1/LOADCASE.yaml --material /home/vincent/local_Homogenization_for_Damask/projects/template_yield_surface_postprocessing_only/input_files/titanium_assigned.yaml --numerics /home/vincent/local_Homogenization_for_Damask/projects/template_yield_surface_postprocessing_only/damask_files/yield_surface/tensile_x_y_q1_1/NUMERICS.yaml --jobname template_yield_surface_postprocessing_only --workingdirectory /home/vincent/local_Homogenization_for_Damask/projects/template_yield_surface_postprocessing_only/damask_files/yield_surface/tensile_x_y_q1_1

 Working directory:      /home/vincent/local_Homogenization_for_Damask/projects/template_yield_surface_postprocessing_only/damask_files/yield_surface/tensile_x_y_q1_1
 Geometry:               ../../../input_files/Polycrystal_25_5x5x5.vti <-- /home/vincent/local_Homogenization_for_Damask/projects/template_yield_surface_postprocessing_only/input_files/Polycrystal_25_5x5x5.vti
 Load case:              LOADCASE.yaml <-- /home/vincent/local_Homogenization_for_Damask/projects/template_yield_surface_postprocessing_only/damask_files/yield_surface/tensile_x_y_q1_1/LOADCASE.yaml
 Material config:        ../../../input_files/titanium_assigned.yaml <-- /home/vincent/local_Homogenization_for_Damask/projects/template_yield_surface_postprocessing_only/input_files/titanium_assigned.yaml
 Numerics config:        NUMERICS.yaml <-- /home/vincent/local_Homogenization_for_Damask/projects/template_yield_surface_postprocessing_only/damask_files/yield_surface/tensile_x_y_q1_1/NUMERICS.yaml
 Solver job name:        template_yield_surface_postprocessing_only

 <<<+-  system_routines init  -+>>>

 <<<+-  prec init  -+>>>

 integer size / bit:   32
   maximum value:              2147483647

 real size / bit:      64
   maximum value:      0.180+309
   minimum value:      0.223-307
   epsilon value:      0.222E-15
   decimal precision:  15

 <<<+-  misc init  -+>>>

 <<<+-  IO init  -+>>>

 <<<+-  base64 init  -+>>>

 <<<+-  types init  -+>>>

 <<<+-  YAML init  -+>>>

 libfyaml powered

 <<<+-  HDF5_utilities init  -+>>>

 <<<+-  result init  -+>>>

 M. Diehl et al., Integrating Materials and Manufacturing Innovation 6(1):83–91, 2017
 https://doi.org/10.1007/s40192-017-0084-5

 <<<+-  config init  -+>>>

 reading material configuration

 reading numerics configuration

 <<<+-  math init  -+>>>

 size  of random seed:      8
 value of random seed:       -282224872 -1185572216  1963704757  -660679851    77906318   436746915  -292709457 -1019859940
 start of random sequence: 
                           0.28158448137281
                           0.66907808266175
                           0.00005971082265
                           0.54397536890269

 <<<+-  rotations init  -+>>>

 D. Rowenhorst et al., Modelling and Simulation in Materials Science and Engineering 23:083501, 2015
 https://doi.org/10.1088/0965-0393/23/8/083501

 <<<+-  polynomials init  -+>>>

 <<<+-  tables init  -+>>>

 <<<+-  crystal init  -+>>>

 <<<+-  discretization_grid init  -+>>>

 cells:  5 × 5 × 5
 size:   1.00E-05 × 1.00E-05 × 1.00E-05 m³
 origin:  0.00E+00  0.00E+00  0.00E+00 m

 <<<+-  discretization init  -+>>>

 <<<+-  material init  -+>>>

 parsed material.yaml

 <<<+-  phase init  -+>>>

 phase 1: A

 references:
   - https://www.totalmateria.com/page.aspx?ID=CheckArticle&site=ktn&NM=221
   - https://en.wikipedia.org/wiki/Titanium

 <<<+-  phase:mechanical init  -+>>>

 <<<+-  phase:mechanical:elastic init  -+>>>

 <<<+-  phase:mechanical:elastic:Hooke init  -+>>>

 # phases: 1

 phase 1: A

 references:
   - E.S. Fisher and C.J. Renken, Physical Review 135(2A):A482-A494, 1964,
     https://doi.org/10.1103/PhysRev.135.A482, fit to Tab. IV (T_min=77K, 
     T_max=923K) 

 <<<+-  phase:mechanical:plasticity init  -+>>>

 <<<+-  phase:mechanical:plastic:phenopowerlaw init  -+>>>

 # phases: 1

 phase 1: A

 references:
   - C. Zambaldi et al., Journal of Materials Research 27(1):356-367, 2021,
     https://doi.org/10.1557/jmr.2011.334 
   - L. Wang et al., Acta Materialia 132:598-610, 2017,
     https://doi.org/10.1016/j.actamat.2017.05.015 

 <<<+-  phase:mechanical:eigen init  -+>>>

 <<<+-  phase:damage init  -+>>>

 <<<+-  phase:thermal init  -+>>>

 <<<+-  homogenization init  -+>>>

 <<<+-  homogenization:mechanical init  -+>>>

 <<<+-  homogenization:mechanical:pass init  -+>>>

 # homogenizations: 1

 <<<+-  homogenization:thermal init  -+>>>

 <<<+-  homogenization:damage init  -+>>>

 <<<+-  homogenization:damage:pass init  -+>>>

 <<<+-  materialpoint init  -+>>>

 deallocating material configuration

 <<<+-  DAMASK_grid init  -+>>>

 P. Shanthraj et al., Handbook of Mechanics of Materials, 2019
 https://doi.org/10.1007/978-981-10-6855-3_80

 <<<+-  spectral_utilities init  -+>>>

 M. Diehl, Diploma Thesis TU München, 2010
 https://doi.org/10.13140/2.1.3234.3840

 P. Eisenlohr et al., International Journal of Plasticity 46:37–53, 2013
 https://doi.org/10.1016/j.ijplas.2012.09.012

 P. Shanthraj et al., International Journal of Plasticity 66:31–45, 2015
 https://doi.org/10.1016/j.ijplas.2014.02.006

 P. Shanthraj et al., Handbook of Mechanics of Materials, 2019
 https://doi.org/10.1007/978-981-10-6855-3_80

 M. Frigo and S.G. Johnson, Proceedings of the IEEE 93(2):216–231, 2005
 https://doi.org/10.1109/jproc.2004.840301

 FFTW initialized

 <<<+-  grid_mechanical_spectral_basic init  -+>>>

 P. Eisenlohr et al., International Journal of Plasticity 46:37–53, 2013
 https://doi.org/10.1016/j.ijplas.2012.09.012

 P. Shanthraj et al., International Journal of Plasticity 66:31–45, 2015
 https://doi.org/10.1016/j.ijplas.2014.02.006

 ... evaluating constitutive response ......................................

 Piola--Kirchhoff stress       / MPa =
        0.0000         0.0000         0.0000
        0.0000         0.0000        -0.0000
        0.0000        -0.0000         0.0000

 deallocating numerics configuration

 ... saving initial configuration ..........................................

 load case: 1
  estimate_rate: F
  F:
       x             x             x      
     0.0000000       x             x      
     0.0000000     0.0000000       x      
  P / MPa:
     -424.2641        0.0000        0.0000
       x            424.2641        0.0000
       x             x              0.0000
  r: 1 (constant step width)
  t: 1000.000
  N: 15
  f_out: 1
  f_restart: 1

 ###########################################################################
 Time  6.66667E+01s: Increment 1/15-1/1 of load case 1/1
 Increment 1/15-1/1 @ Iteration 1≤0≤100

 deformation gradient aim       =
   1.0000000    0.0000000    0.0000000
   0.0000000    1.0000000    0.0000000
   0.0000000    0.0000000    1.0000000

 ... evaluating constitutive response ......................................

 Piola--Kirchhoff stress       / MPa =
       -0.0000         0.0000         0.0000
        0.0000        -0.0000        -0.0000
        0.0000        -0.0000        -0.0000

 ... doing gamma convolution ...............................................

 ... reporting .............................................................

 error divergence =         1.24 (1.24E-04 / m, tol =  1.00E-04)
 error stress BC  =     28284.27 (2.83E+07 Pa,  tol =  1.00E+03)

 ===========================================================================
 Increment 1/15-1/1 @ Iteration 1≤1≤100

 deformation gradient aim       =
   0.9996677    0.0000032    0.0000021
   0.0000000    1.0003312    0.0000043
   0.0000000    0.0000000    1.0000013

 ... evaluating constitutive response ......................................

 Piola--Kirchhoff stress       / MPa =
      -28.2614         0.0000        -0.0000
       -0.0001        28.3071         0.0001
       -0.0000         0.0001         0.0084

 ... doing gamma convolution ...............................................

 ... evaluating constitutive response ......................................

 Piola--Kirchhoff stress       / MPa =
      -27.4676         0.0000        -0.0000
       -0.0001        27.5108         0.0001
       -0.0000         0.0001         0.0080

 ... doing gamma convolution ...............................................

 ... reporting .............................................................

 error divergence =       696.58 (9.58E+06 / m, tol =  1.38E+04)
 error stress BC  =        29.69 (8.17E+05 Pa,  tol =  2.75E+04)

 ===========================================================================
 Increment 1/15-1/1 @ Iteration 1≤2≤100

 deformation gradient aim       =
   0.9996581    0.0000033    0.0000022
   0.0000000    1.0003403    0.0000045
   0.0000000    0.0000000    1.0000014

 ... evaluating constitutive response ......................................

 Piola--Kirchhoff stress       / MPa =
      -27.7935         0.0211        -0.0066
        0.0210        27.8776        -0.0056
       -0.0066        -0.0056        -0.0693

 ... doing gamma convolution ...............................................

 ... evaluating constitutive response ......................................

 Piola--Kirchhoff stress       / MPa =
      -28.2313         0.0207        -0.0064
        0.0206        28.3159        -0.0055
       -0.0064        -0.0055        -0.0674

 ... doing gamma convolution ...............................................

 ... reporting .............................................................

 error divergence =        86.08 (1.22E+06 / m, tol =  1.42E+04)
 error stress BC  =         2.38 (6.74E+04 Pa,  tol =  2.83E+04)

 ===========================================================================
 Increment 1/15-1/1 @ Iteration 1≤3≤100

 deformation gradient aim       =
   0.9996519    0.0000024    0.0000025
   0.0000000    1.0003449    0.0000048
   0.0000000    0.0000000    1.0000030

 ... evaluating constitutive response ......................................

 Piola--Kirchhoff stress       / MPa =
      -28.2808         0.0027        -0.0012
        0.0027        28.2681         0.0037
       -0.0012         0.0037         0.0075

 ... doing gamma convolution ...............................................

 ... evaluating constitutive response ......................................

 Piola--Kirchhoff stress       / MPa =
      -28.2890         0.0034        -0.0015
        0.0034        28.2789         0.0034
       -0.0015         0.0034         0.0048

 ... doing gamma convolution ...............................................

 ... reporting .............................................................

 error divergence =        12.28 (1.74E+05 / m, tol =  1.41E+04)
 error stress BC  =         0.19 (5.34E+03 Pa,  tol =  2.83E+04)

 ===========================================================================
 Increment 1/15-1/1 @ Iteration 1≤4≤100

 deformation gradient aim       =
   0.9996518    0.0000022    0.0000025
   0.0000000    1.0003451    0.0000046
   0.0000000    0.0000000    1.0000029

 ... evaluating constitutive response ......................................

 Piola--Kirchhoff stress       / MPa =
      -28.2836         0.0000        -0.0004
       -0.0001        28.2858         0.0009
       -0.0004         0.0009        -0.0015

 ... doing gamma convolution ...............................................

 ... evaluating constitutive response ......................................

 Piola--Kirchhoff stress       / MPa =
      -28.2840        -0.0003        -0.0003
       -0.0004        28.2845         0.0011
       -0.0003         0.0011        -0.0002

 ... doing gamma convolution ...............................................

 ... reporting .............................................................

 error divergence =         1.78 (2.52E+04 / m, tol =  1.41E+04)
 error stress BC  =         0.04 (1.06E+03 Pa,  tol =  2.83E+04)

 ===========================================================================
 Increment 1/15-1/1 @ Iteration 1≤5≤100

 deformation gradient aim       =
   0.9996518    0.0000022    0.0000026
   0.0000000    1.0003451    0.0000046
   0.0000000    0.0000000    1.0000029

 ... evaluating constitutive response ......................................

 Piola--Kirchhoff stress       / MPa =
      -28.2844         0.0001        -0.0001
        0.0000        28.2842         0.0000
       -0.0001         0.0000         0.0001

 ... doing gamma convolution ...............................................

 ... evaluating constitutive response ......................................

 Piola--Kirchhoff stress       / MPa =
      -28.2843         0.0000        -0.0001
       -0.0000        28.2843        -0.0000
       -0.0001        -0.0000         0.0000

 ... doing gamma convolution ...............................................

 ... reporting .............................................................

 error divergence =         0.24 (3.44E+03 / m, tol =  1.41E+04)
 error stress BC  =         0.00 (7.26E+01 Pa,  tol =  2.83E+04)

 ===========================================================================

 increment 1 converged

 ... saving results ........................................................
 saving solver data required for restart
 saving field and constitutive data required for restart

 ###########################################################################
 Time  1.33333E+02s: Increment 2/15-1/1 of load case 1/1
 Increment 2/15-1/1 @ Iteration 1≤0≤100

 deformation gradient aim       =
   0.9993037    0.0000045    0.0000051
   0.0000000    1.0006902    0.0000092
   0.0000000    0.0000000    1.0000058

 ... evaluating constitutive response ......................................

 Piola--Kirchhoff stress       / MPa =
      -58.2525        -0.0480         0.0166
       -0.0483        58.1189         0.0022
        0.0166         0.0022         0.1298

 ... doing gamma convolution ...............................................

 ... reporting .............................................................

 error divergence =        19.69 (5.73E+05 / m, tol =  2.91E+04)
 error stress BC  =        28.91 (1.68E+06 Pa,  tol =  5.83E+04)

 ===========================================================================
 Increment 2/15-1/1 @ Iteration 1≤1≤100

 deformation gradient aim       =
   0.9993234    0.0000054    0.0000047
   0.0000000    1.0006720    0.0000089
   0.0000000    0.0000000    1.0000043

 ... evaluating constitutive response ......................................

 Piola--Kirchhoff stress       / MPa =
      -56.5411         0.0017        -0.0008
        0.0014        56.5428        -0.0006
       -0.0008        -0.0006        -0.0072

 ... doing gamma convolution ...............................................

 ... evaluating constitutive response ......................................

 Piola--Kirchhoff stress       / MPa =
      -56.6613        -0.0017         0.0004
       -0.0021        56.6535        -0.0004
        0.0004        -0.0004         0.0024

 ... doing gamma convolution ...............................................

 ... reporting .............................................................

 error divergence =        18.22 (5.16E+05 / m, tol =  2.83E+04)
 error stress BC  =         1.64 (9.27E+04 Pa,  tol =  5.67E+04)

 ===========================================================================
 Increment 2/15-1/1 @ Iteration 1≤2≤100

 deformation gradient aim       =
   0.9993241    0.0000054    0.0000047
   0.0000000    1.0006712    0.0000089
   0.0000000    0.0000000    1.0000043

 ... evaluating constitutive response ......................................

 Piola--Kirchhoff stress       / MPa =
      -56.5964        -0.0015         0.0006
       -0.0018        56.5889         0.0007
        0.0006         0.0007         0.0059

 ... doing gamma convolution ...............................................

 ... evaluating constitutive response ......................................

 Piola--Kirchhoff stress       / MPa =
      -56.5729        -0.0008         0.0003
       -0.0011        56.5673         0.0007
        0.0003         0.0007         0.0039

 ... doing gamma convolution ...............................................

 ... reporting .............................................................

 error divergence =         2.52 (7.12E+04 / m, tol =  2.83E+04)
 error stress BC  =         0.08 (4.37E+03 Pa,  tol =  5.66E+04)

 ===========================================================================
 Increment 2/15-1/1 @ Iteration 1≤3≤100

 deformation gradient aim       =
   0.9993245    0.0000055    0.0000046
   0.0000000    1.0006710    0.0000088
   0.0000000    0.0000000    1.0000042

 ... evaluating constitutive response ......................................

 Piola--Kirchhoff stress       / MPa =
      -56.5692        -0.0002         0.0001
       -0.0005        56.5698        -0.0001
        0.0001        -0.0001        -0.0003

 ... doing gamma convolution ...............................................

 ... evaluating constitutive response ......................................

 Piola--Kirchhoff stress       / MPa =
      -56.5683        -0.0002         0.0001
       -0.0005        56.5688        -0.0001
        0.0001        -0.0001        -0.0002

 ... doing gamma convolution ...............................................

 ... reporting .............................................................

 error divergence =         0.34 (9.60E+03 / m, tol =  2.83E+04)
 error stress BC  =         0.01 (2.96E+02 Pa,  tol =  5.66E+04)

 ===========================================================================

 increment 2 converged

 ... saving results ........................................................
 saving solver data required for restart
 saving field and constitutive data required for restart

 ###########################################################################
 Time  2.00000E+02s: Increment 3/15-1/1 of load case 1/1
 Increment 3/15-1/1 @ Iteration 1≤0≤100

 deformation gradient aim       =
   0.9989972    0.0000087    0.0000067
   0.0000000    1.0009969    0.0000131
   0.0000000    0.0000000    1.0000055

 ... evaluating constitutive response ......................................

 Piola--Kirchhoff stress       / MPa =
      -83.7508         0.0293        -0.0100
        0.0286        83.9823        -0.0011
       -0.0100        -0.0011        -0.0501

 ... doing gamma convolution ...............................................

 ... reporting .............................................................

 error divergence =         8.32 (3.49E+05 / m, tol =  4.20E+04)
 error stress BC  =        13.12 (1.10E+06 Pa,  tol =  8.40E+04)

 ===========================================================================
 Increment 3/15-1/1 @ Iteration 1≤1≤100

 deformation gradient aim       =
   0.9989848    0.0000081    0.0000070
   0.0000000    1.0010076    0.0000133
   0.0000000    0.0000000    1.0000066

 ... evaluating constitutive response ......................................

 Piola--Kirchhoff stress       / MPa =
      -84.8701        -0.0010         0.0005
       -0.0017        84.8680         0.0002
        0.0005         0.0002         0.0049

 ... doing gamma convolution ...............................................

 ... evaluating constitutive response ......................................

 Piola--Kirchhoff stress       / MPa =
      -84.7908         0.0011        -0.0003
        0.0004        84.8053         0.0001
       -0.0003         0.0001         0.0010

 ... doing gamma convolution ...............................................

 ... reporting .............................................................

 error divergence =         7.47 (3.17E+05 / m, tol =  4.24E+04)
 error stress BC  =         0.73 (6.20E+04 Pa,  tol =  8.48E+04)

 ===========================================================================
 Increment 3/15-1/1 @ Iteration 1≤2≤100

 deformation gradient aim       =
   0.9989843    0.0000081    0.0000070
   0.0000000    1.0010081    0.0000133
   0.0000000    0.0000000    1.0000066

 ... evaluating constitutive response ......................................

 Piola--Kirchhoff stress       / MPa =
      -84.8355         0.0008        -0.0004
        0.0001        84.8407        -0.0005
       -0.0004        -0.0005        -0.0040

 ... doing gamma convolution ...............................................

 ... evaluating constitutive response ......................................

 Piola--Kirchhoff stress       / MPa =
      -84.8509         0.0004        -0.0003
       -0.0003        84.8529        -0.0004
       -0.0003        -0.0004        -0.0032

 ... doing gamma convolution ...............................................

 ... reporting .............................................................

 error divergence =         1.03 (4.37E+04 / m, tol =  4.24E+04)
 error stress BC  =         0.04 (3.19E+03 Pa,  tol =  8.49E+04)

 ===========================================================================
 Increment 3/15-1/1 @ Iteration 1≤3≤100

 deformation gradient aim       =
   0.9989841    0.0000081    0.0000070
   0.0000000    1.0010082    0.0000133
   0.0000000    0.0000000    1.0000066

 ... evaluating constitutive response ......................................

 Piola--Kirchhoff stress       / MPa =
      -84.8524         0.0001        -0.0000
       -0.0006        84.8520         0.0001
       -0.0000         0.0001         0.0002

 ... doing gamma convolution ...............................................

 ... evaluating constitutive response ......................................

 Piola--Kirchhoff stress       / MPa =
      -84.8530         0.0001        -0.0000
       -0.0006        84.8525         0.0001
       -0.0000         0.0001        -0.0000

 ... doing gamma convolution ...............................................

 ... reporting .............................................................

 error divergence =         0.14 (5.86E+03 / m, tol =  4.24E+04)
 error stress BC  =         0.00 (2.79E+02 Pa,  tol =  8.49E+04)

 ===========================================================================

 increment 3 converged

 ... saving results ........................................................
 saving solver data required for restart
 saving field and constitutive data required for restart

 ###########################################################################
 Time  2.66667E+02s: Increment 4/15-1/1 of load case 1/1
 Increment 4/15-1/1 @ Iteration 1≤0≤100

 deformation gradient aim       =
   0.9986437    0.0000107    0.0000094
   0.0000000    1.0013455    0.0000178
   0.0000000    0.0000000    1.0000091

 ... evaluating constitutive response ......................................

 Piola--Kirchhoff stress       / MPa =
     -113.2146        -0.0019         0.0074
       -0.0031       113.2692        -0.0063
        0.0074        -0.0063         0.0224

 ... doing gamma convolution ...............................................

 ... reporting .............................................................

 error divergence =         9.70 (5.49E+05 / m, tol =  5.66E+04)
 error stress BC  =         1.17 (1.32E+05 Pa,  tol =  1.13E+05)

 ===========================================================================
 Increment 4/15-1/1 @ Iteration 1≤1≤100

 deformation gradient aim       =
   0.9986448    0.0000108    0.0000092
   0.0000000    1.0013441    0.0000179
   0.0000000    0.0000000    1.0000090

 ... evaluating constitutive response ......................................

 Piola--Kirchhoff stress       / MPa =
     -113.1205         0.0018         0.0023
        0.0005       113.1214         0.0003
        0.0023         0.0003        -0.0005

 ... doing gamma convolution ...............................................

 ... evaluating constitutive response ......................................

 Piola--Kirchhoff stress       / MPa =
     -113.1174         0.0019         0.0021
        0.0007       113.1165         0.0005
        0.0021         0.0005        -0.0013

 ... doing gamma convolution ...............................................

 ... reporting .............................................................

 error divergence =         1.87 (1.06E+05 / m, tol =  5.66E+04)
 error stress BC  =         0.18 (2.06E+04 Pa,  tol =  1.13E+05)

 ===========================================================================
 Increment 4/15-1/1 @ Iteration 1≤2≤100

 deformation gradient aim       =
   0.9986444    0.0000107    0.0000091
   0.0000000    1.0013446    0.0000179
   0.0000000    0.0000000    1.0000090

 ... evaluating constitutive response ......................................

 Piola--Kirchhoff stress       / MPa =
     -113.1388         0.0001         0.0004
       -0.0011       113.1373         0.0001
        0.0004         0.0001         0.0012

 ... doing gamma convolution ...............................................

 ... evaluating constitutive response ......................................

 Piola--Kirchhoff stress       / MPa =
     -113.1355         0.0002         0.0001
       -0.0010       113.1317         0.0004
        0.0001         0.0004         0.0003

 ... doing gamma convolution ...............................................

 ... reporting .............................................................

 error divergence =         0.32 (1.80E+04 / m, tol =  5.66E+04)
 error stress BC  =         0.05 (5.36E+03 Pa,  tol =  1.13E+05)

 ===========================================================================

 increment 4 converged

 ... saving results ........................................................
 saving solver data required for restart
 saving field and constitutive data required for restart

 ###########################################################################
 Time  3.33333E+02s: Increment 5/15-1/1 of load case 1/1
 Increment 5/15-1/1 @ Iteration 1≤0≤100

 deformation gradient aim       =
   0.9983046    0.0000133    0.0000112
   0.0000000    1.0016810    0.0000225
   0.0000000    0.0000000    1.0000114

 ... evaluating constitutive response ......................................

 Piola--Kirchhoff stress       / MPa =
     -139.6947        -0.0307         0.0433
       -0.0327       139.8426        -0.0548
        0.0433        -0.0547        -0.0811

 ... doing gamma convolution ...............................................

 ... reporting .............................................................

 error divergence =        98.45 (6.88E+06 / m, tol =  6.99E+04)
 error stress BC  =        12.35 (1.73E+06 Pa,  tol =  1.40E+05)

 ===========================================================================
 Increment 5/15-1/1 @ Iteration 1≤1≤100

 deformation gradient aim       =
   0.9982842    0.0000141    0.0000103
   0.0000000    1.0016999    0.0000240
   0.0000000    0.0000000    1.0000126

 ... evaluating constitutive response ......................................

 Piola--Kirchhoff stress       / MPa =
     -140.7654         0.0081         0.0508
        0.0062       140.7812        -0.0002
        0.0509        -0.0002        -0.0200

 ... doing gamma convolution ...............................................

 ... evaluating constitutive response ......................................

 Piola--Kirchhoff stress       / MPa =
     -141.5195         0.0354         0.0569
        0.0335       141.4398         0.0398
        0.0570         0.0397         0.0228

 ... doing gamma convolution ...............................................

 ... reporting .............................................................

 error divergence =        27.34 (1.93E+06 / m, tol =  7.08E+04)
 error stress BC  =         0.69 (9.82E+04 Pa,  tol =  1.42E+05)

 ===========================================================================
 Increment 5/15-1/1 @ Iteration 1≤2≤100

 deformation gradient aim       =
   0.9982774    0.0000132    0.0000079
   0.0000000    1.0017071    0.0000232
   0.0000000    0.0000000    1.0000124

 ... evaluating constitutive response ......................................

 Piola--Kirchhoff stress       / MPa =
     -141.3735         0.0058         0.0068
        0.0039       141.3575         0.0084
        0.0068         0.0084         0.0100

 ... doing gamma convolution ...............................................

 ... evaluating constitutive response ......................................

 Piola--Kirchhoff stress       / MPa =
     -141.4589         0.0047        -0.0013
        0.0027       141.4400         0.0088
       -0.0013         0.0088         0.0142

 ... doing gamma convolution ...............................................

 ... reporting .............................................................

 error divergence =         8.83 (6.25E+05 / m, tol =  7.07E+04)
 error stress BC  =         0.27 (3.76E+04 Pa,  tol =  1.41E+05)

 ===========================================================================
 Increment 5/15-1/1 @ Iteration 1≤3≤100

 deformation gradient aim       =
   0.9982772    0.0000129    0.0000078
   0.0000000    1.0017076    0.0000228
   0.0000000    0.0000000    1.0000121

 ... evaluating constitutive response ......................................

 Piola--Kirchhoff stress       / MPa =
     -141.4273         0.0027         0.0032
        0.0008       141.4297         0.0051
        0.0032         0.0051        -0.0013

 ... doing gamma convolution ...............................................

 ... evaluating constitutive response ......................................

 Piola--Kirchhoff stress       / MPa =
     -141.4030        -0.0016        -0.0013
       -0.0035       141.4209         0.0001
       -0.0013         0.0001        -0.0084

 ... doing gamma convolution ...............................................

 ... reporting .............................................................

 error divergence =         2.66 (1.88E+05 / m, tol =  7.07E+04)
 error stress BC  =         0.13 (1.83E+04 Pa,  tol =  1.41E+05)

 ===========================================================================
 Increment 5/15-1/1 @ Iteration 1≤4≤100

 deformation gradient aim       =
   0.9982771    0.0000129    0.0000077
   0.0000000    1.0017075    0.0000227
   0.0000000    0.0000000    1.0000123

 ... evaluating constitutive response ......................................

 Piola--Kirchhoff stress       / MPa =
     -141.4225        -0.0001        -0.0002
       -0.0020       141.4218        -0.0002
       -0.0002        -0.0002         0.0007

 ... doing gamma convolution ...............................................

 ... evaluating constitutive response ......................................

 Piola--Kirchhoff stress       / MPa =
     -141.4231        -0.0003         0.0000
       -0.0022       141.4212        -0.0009
        0.0000        -0.0009         0.0009

 ... doing gamma convolution ...............................................

 ... reporting .............................................................

 error divergence =         0.70 (4.95E+04 / m, tol =  7.07E+04)
 error stress BC  =         0.01 (1.79E+03 Pa,  tol =  1.41E+05)

 ===========================================================================

 increment 5 converged

 ... saving results ........................................................
 saving solver data required for restart
 saving field and constitutive data required for restart

 ###########################################################################
 Time  4.00000E+02s: Increment 6/15-1/1 of load case 1/1
 Increment 6/15-1/1 @ Iteration 1≤0≤100

 deformation gradient aim       =
   0.9979099    0.0000152    0.0000064
   0.0000000    1.0020704    0.0000276
   0.0000000    0.0000000    1.0000155

 ... evaluating constitutive response ......................................

 Piola--Kirchhoff stress       / MPa =
     -164.5114        -0.2776        -0.2149
       -0.2814       164.8714        -0.2042
       -0.2154        -0.2038        -0.3596

 ... doing gamma convolution ...............................................

 ... reporting .............................................................

 error divergence =       132.45 (1.09E+07 / m, tol =  8.24E+04)
 error stress BC  =        31.50 (5.19E+06 Pa,  tol =  1.65E+05)

 ===========================================================================
 Increment 6/15-1/1 @ Iteration 1≤1≤100

 deformation gradient aim       =
   0.9978409    0.0000230    0.0000115
   0.0000000    1.0021346    0.0000332
   0.0000000    0.0000000    1.0000201

 ... evaluating constitutive response ......................................

 Piola--Kirchhoff stress       / MPa =
     -168.1164        -0.0767        -0.0845
       -0.0810       168.1831        -0.0626
       -0.0847        -0.0624        -0.0994

 ... doing gamma convolution ...............................................

 ... evaluating constitutive response ......................................

 Piola--Kirchhoff stress       / MPa =
     -170.3567         0.0481        -0.0094
        0.0435       170.2416         0.0219
       -0.0094         0.0218         0.0584

 ... doing gamma convolution ...............................................

 ... reporting .............................................................

 error divergence =        86.53 (7.37E+06 / m, tol =  8.52E+04)
 error stress BC  =         3.82 (6.51E+05 Pa,  tol =  1.70E+05)

 ===========================================================================
 Increment 6/15-1/1 @ Iteration 1≤2≤100

 deformation gradient aim       =
   0.9978281    0.0000239    0.0000137
   0.0000000    1.0021473    0.0000343
   0.0000000    0.0000000    1.0000205

 ... evaluating constitutive response ......................................

 Piola--Kirchhoff stress       / MPa =
     -168.9727        -0.0155        -0.0105
       -0.0201       169.0032        -0.0189
       -0.0106        -0.0188        -0.0471

 ... doing gamma convolution ...............................................

 ... evaluating constitutive response ......................................

 Piola--Kirchhoff stress       / MPa =
     -169.6392         0.0252         0.0208
        0.0205       169.6239         0.0081
        0.0209         0.0081        -0.0034

 ... doing gamma convolution ...............................................

 ... reporting .............................................................

 error divergence =        29.71 (2.52E+06 / m, tol =  8.48E+04)
 error stress BC  =         0.48 (8.17E+04 Pa,  tol =  1.70E+05)

 ===========================================================================
 Increment 6/15-1/1 @ Iteration 1≤3≤100

 deformation gradient aim       =
   0.9978174    0.0000239    0.0000135
   0.0000000    1.0021575    0.0000348
   0.0000000    0.0000000    1.0000210

 ... evaluating constitutive response ......................................

 Piola--Kirchhoff stress       / MPa =
     -169.7013         0.0084         0.0122
        0.0036       169.6901         0.0046
        0.0122         0.0046         0.0060

 ... doing gamma convolution ...............................................

 ... evaluating constitutive response ......................................

 Piola--Kirchhoff stress       / MPa =
     -169.6751        -0.0012         0.0125
       -0.0060       169.6758         0.0016
        0.0125         0.0016         0.0048

 ... doing gamma convolution ...............................................

 ... reporting .............................................................

 error divergence =        11.48 (9.74E+05 / m, tol =  8.48E+04)
 error stress BC  =         0.18 (3.06E+04 Pa,  tol =  1.70E+05)

 ===========================================================================
 Increment 6/15-1/1 @ Iteration 1≤4≤100

 deformation gradient aim       =
   0.9978169    0.0000237    0.0000130
   0.0000000    1.0021581    0.0000346
   0.0000000    0.0000000    1.0000209

 ... evaluating constitutive response ......................................

 Piola--Kirchhoff stress       / MPa =
     -169.6952         0.0028         0.0033
       -0.0019       169.7060         0.0031
        0.0033         0.0031        -0.0075

 ... doing gamma convolution ...............................................

 ... evaluating constitutive response ......................................

 Piola--Kirchhoff stress       / MPa =
     -169.6911        -0.0006        -0.0029
       -0.0053       169.7106         0.0022
       -0.0029         0.0022        -0.0131

 ... doing gamma convolution ...............................................

 ... reporting .............................................................

 error divergence =         4.15 (3.52E+05 / m, tol =  8.49E+04)
 error stress BC  =         0.09 (1.45E+04 Pa,  tol =  1.70E+05)

 ===========================================================================
 Increment 6/15-1/1 @ Iteration 1≤5≤100

 deformation gradient aim       =
   0.9978166    0.0000237    0.0000130
   0.0000000    1.0021581    0.0000345
   0.0000000    0.0000000    1.0000212

