
 <<<+-  parallelization init  -+>>>

 Open MPI v4.1.6, package: Debian OpenMPI, ident: 4.1.6, repo rev: v4.1.6, Sep 30, 2023
 MPI standard: 3.1
 OpenMP version: 201511

 MPI processes: 1
 Could not get $OMP_NUM_THREADS, using default
 OMP_NUM_THREADS: 4

 <<<+-  CLI init  -+>>>

     _/_/_/      _/_/    _/      _/    _/_/      _/_/_/  _/    _/    _/_/_/
    _/    _/  _/    _/  _/_/  _/_/  _/    _/  _/        _/  _/            _/
   _/    _/  _/_/_/_/  _/  _/  _/  _/_/_/_/    _/_/    _/_/          _/_/
  _/    _/  _/    _/  _/      _/  _/    _/        _/  _/  _/            _/
 _/_/_/    _/    _/  _/      _/  _/    _/  _/_/_/    _/    _/    _/_/_/
 Grid solver

 F. Roters et al., Computational Materials Science 158:420–478, 2019
 https://doi.org/10.1016/j.commatsci.2018.04.030

 S. Balay et al., PETSc/TAO User Manual Revision 3.19
 https://doi.org/10.2172/1968587

 Version: v3.0.1

 Compiled with: GCC version 13.3.0
 Compiled on: Linux-6.8.0-51-generic
 Compiler options: -cpp -I /usr/lib/petscdir/petsc3.19/x86_64-linux-gnu-real/include -I /usr/include/hypre -I /usr/include/suitesparse -I /usr/include/superlu -I /usr/include/superlu-dist -I /usr/include/trilinos -I /usr/include/scotch -I /usr/include/hdf5/openmpi -I /usr/include/hdf5/serial -I /usr/include -I /usr/lib/x86_64-linux-gnu/openmpi/lib/../../fortran/gfortran-mod-15/openmpi -I /usr/lib/x86_64-linux-gnu/openmpi/lib -imultiarch x86_64-linux-gnu -D_REENTRANT -D CMAKE_SYSTEM="Linux-6.8.0-51-generic" -D DAMASKVERSION="v3.0.1" -D FYAML -D GRID -D PETSC --param=l1-cache-size=32 --param=l1-cache-line-size=64 --param=l2-cache-size=512 -mtune=znver2 -mno-omit-leaf-frame-pointer -march=x86-64 -g -O2 -O2 -Wall -Wextra -Wcharacter-truncation -Wunderflow -Wsuggest-attribute=pure -Wsuggest-attribute=noreturn -Wconversion-extra -Wunused-parameter -std=f2018 -fno-omit-frame-pointer -ffile-prefix-map=/build/damask-XEckOy/damask-3.0.1=. -flto=auto -ffat-lto-objects -fstack-protector-strong -fstack-clash-protection -fcf-protection=full -fdebug-prefix-map=/build/damask-XEckOy/damask-3.0.1=/usr/src/damask-3.0.1-6~noble -fopenmp -fPIE -ffree-line-length-none -fimplicit-none -fallow-argument-mismatch -ffpe-summary=all -fpre-include=/usr/include/finclude/x86_64-linux-gnu/math-vector-fortran.h

 Compiled on: Jan 14 2025 at 07:40:31

 PETSc version: 3.19.6

 Date: 14/11/2025
 Time: 19:59:55

 Host name: UT170340
 User name: vincent

 Command line call:      DAMASK_grid --geom /home/vincent/local_Homogenization_for_Damask/projects/template_preloading/input_files/Polycrystal_25_5x5x5.vti --load /home/vincent/local_Homogenization_for_Damask/projects/template_preloading/results/load_path/load_path_2025-11-14_19-59-55/damask_files/LOADCASE.yaml --material /home/vincent/local_Homogenization_for_Damask/projects/template_preloading/input_files/titanium_assigned.yaml --numerics /home/vincent/local_Homogenization_for_Damask/projects/template_preloading/results/load_path/load_path_2025-11-14_19-59-55/damask_files/NUMERICS.yaml --jobname template_preloading --workingdirectory /home/vincent/local_Homogenization_for_Damask/projects/template_preloading/results/load_path/load_path_2025-11-14_19-59-55/damask_files

 Working directory:      /home/vincent/local_Homogenization_for_Damask/projects/template_preloading/results/load_path/load_path_2025-11-14_19-59-55/damask_files
 Geometry:               ../../../../input_files/Polycrystal_25_5x5x5.vti <-- /home/vincent/local_Homogenization_for_Damask/projects/template_preloading/input_files/Polycrystal_25_5x5x5.vti
 Load case:              LOADCASE.yaml <-- /home/vincent/local_Homogenization_for_Damask/projects/template_preloading/results/load_path/load_path_2025-11-14_19-59-55/damask_files/LOADCASE.yaml
 Material config:        ../../../../input_files/titanium_assigned.yaml <-- /home/vincent/local_Homogenization_for_Damask/projects/template_preloading/input_files/titanium_assigned.yaml
 Numerics config:        NUMERICS.yaml <-- /home/vincent/local_Homogenization_for_Damask/projects/template_preloading/results/load_path/load_path_2025-11-14_19-59-55/damask_files/NUMERICS.yaml
 Solver job name:        template_preloading

 <<<+-  system_routines init  -+>>>

 <<<+-  prec init  -+>>>

 integer size / bit:   32
   maximum value:              2147483647

 real size / bit:      64
   maximum value:      0.180+309
   minimum value:      0.223-307
   epsilon value:      0.222E-15
   decimal precision:  15

 <<<+-  misc init  -+>>>

 <<<+-  IO init  -+>>>

 <<<+-  base64 init  -+>>>

 <<<+-  types init  -+>>>

 <<<+-  YAML init  -+>>>

 libfyaml powered

 <<<+-  HDF5_utilities init  -+>>>

 <<<+-  result init  -+>>>

 M. Diehl et al., Integrating Materials and Manufacturing Innovation 6(1):83–91, 2017
 https://doi.org/10.1007/s40192-017-0084-5

 <<<+-  config init  -+>>>

 reading material configuration

 reading numerics configuration

 <<<+-  math init  -+>>>

 size  of random seed:      8
 value of random seed:       -401650349  -800933881 -1836779994  1800324749  -157482222 -1587674304  1004868495   925224845
 start of random sequence: 
                           0.27027403525142
                           0.14950682899196
                           0.72036890412348
                           0.77500599357742

 <<<+-  rotations init  -+>>>

 D. Rowenhorst et al., Modelling and Simulation in Materials Science and Engineering 23:083501, 2015
 https://doi.org/10.1088/0965-0393/23/8/083501

 <<<+-  polynomials init  -+>>>

 <<<+-  tables init  -+>>>

 <<<+-  crystal init  -+>>>

 <<<+-  discretization_grid init  -+>>>

 cells:  5 × 5 × 5
 size:   1.00E-05 × 1.00E-05 × 1.00E-05 m³
 origin:  0.00E+00  0.00E+00  0.00E+00 m

 <<<+-  discretization init  -+>>>

 <<<+-  material init  -+>>>

 parsed material.yaml

 <<<+-  phase init  -+>>>

 phase 1: A

 references:
   - https://www.totalmateria.com/page.aspx?ID=CheckArticle&site=ktn&NM=221
   - https://en.wikipedia.org/wiki/Titanium

 <<<+-  phase:mechanical init  -+>>>

 <<<+-  phase:mechanical:elastic init  -+>>>

 <<<+-  phase:mechanical:elastic:Hooke init  -+>>>

 # phases: 1

 phase 1: A

 references:
   - E.S. Fisher and C.J. Renken, Physical Review 135(2A):A482-A494, 1964,
     https://doi.org/10.1103/PhysRev.135.A482, fit to Tab. IV (T_min=77K, 
     T_max=923K) 

 <<<+-  phase:mechanical:plasticity init  -+>>>

 <<<+-  phase:mechanical:plastic:phenopowerlaw init  -+>>>

 # phases: 1

 phase 1: A

 references:
   - C. Zambaldi et al., Journal of Materials Research 27(1):356-367, 2021,
     https://doi.org/10.1557/jmr.2011.334 
   - L. Wang et al., Acta Materialia 132:598-610, 2017,
     https://doi.org/10.1016/j.actamat.2017.05.015 

 <<<+-  phase:mechanical:eigen init  -+>>>

 <<<+-  phase:damage init  -+>>>

 <<<+-  phase:thermal init  -+>>>

 <<<+-  homogenization init  -+>>>

 <<<+-  homogenization:mechanical init  -+>>>

 <<<+-  homogenization:mechanical:pass init  -+>>>

 # homogenizations: 1

 <<<+-  homogenization:thermal init  -+>>>

 <<<+-  homogenization:damage init  -+>>>

 <<<+-  homogenization:damage:pass init  -+>>>

 <<<+-  materialpoint init  -+>>>

 deallocating material configuration

 <<<+-  DAMASK_grid init  -+>>>

 P. Shanthraj et al., Handbook of Mechanics of Materials, 2019
 https://doi.org/10.1007/978-981-10-6855-3_80

 <<<+-  spectral_utilities init  -+>>>

 M. Diehl, Diploma Thesis TU München, 2010
 https://doi.org/10.13140/2.1.3234.3840

 P. Eisenlohr et al., International Journal of Plasticity 46:37–53, 2013
 https://doi.org/10.1016/j.ijplas.2012.09.012

 P. Shanthraj et al., International Journal of Plasticity 66:31–45, 2015
 https://doi.org/10.1016/j.ijplas.2014.02.006

 P. Shanthraj et al., Handbook of Mechanics of Materials, 2019
 https://doi.org/10.1007/978-981-10-6855-3_80

 M. Frigo and S.G. Johnson, Proceedings of the IEEE 93(2):216–231, 2005
 https://doi.org/10.1109/jproc.2004.840301

 FFTW initialized

 <<<+-  grid_mechanical_spectral_basic init  -+>>>

 P. Eisenlohr et al., International Journal of Plasticity 46:37–53, 2013
 https://doi.org/10.1016/j.ijplas.2012.09.012

 P. Shanthraj et al., International Journal of Plasticity 66:31–45, 2015
 https://doi.org/10.1016/j.ijplas.2014.02.006

 ... evaluating constitutive response ......................................

 Piola--Kirchhoff stress       / MPa =
        0.0000         0.0000         0.0000
        0.0000         0.0000        -0.0000
        0.0000        -0.0000         0.0000

 deallocating numerics configuration

 ... saving initial configuration ..........................................

 load case: 1
  estimate_rate: F
  F:
       x             x             x      
     0.0000000       x             x      
     0.0000000     0.0000000       x      
  P / MPa:
      600.0000        0.0000        0.0000
       x              0.0000        0.0000
       x             x              0.0000
  r: 1 (constant step width)
  t: 1000.000
  N: 15
  f_out: 1
  f_restart: 1

 load case: 2
  estimate_rate: T
  F:
       x             x             x      
     0.0000000       x             x      
     0.0000000     0.0000000       x      
  P / MPa:
        0.0000        0.0000        0.0000
       x            400.0000        0.0000
       x             x              0.0000
  r: 1 (constant step width)
  t: 1000.000
  N: 15
  f_out: 1
  f_restart: 1

 load case: 3
  estimate_rate: T
  F:
       x             x             x      
     0.0000000       x             x      
     0.0000000     0.0000000       x      
  P / MPa:
        0.0000        0.0000        0.0000
       x              0.0000        0.0000
       x             x              0.0000
  r: 1 (constant step width)
  t: 1000.000
  N: 15
  f_out: 1
  f_restart: 1

 ###########################################################################
 Time  6.66667E+01s: Increment 1/15-1/1 of load case 1/3
 Increment 1/45-1/1 @ Iteration 1≤0≤100

 deformation gradient aim       =
   1.0000000    0.0000000    0.0000000
   0.0000000    1.0000000    0.0000000
   0.0000000    0.0000000    1.0000000

 ... evaluating constitutive response ......................................

 Piola--Kirchhoff stress       / MPa =
       -0.0000         0.0000         0.0000
        0.0000        -0.0000        -0.0000
        0.0000        -0.0000        -0.0000

 ... doing gamma convolution ...............................................

 ... reporting .............................................................

 error divergence =         1.24 (1.24E-04 / m, tol =  1.00E-04)
 error stress BC  =     40000.00 (4.00E+07 Pa,  tol =  1.00E+03)

 ===========================================================================
 Increment 1/45-1/1 @ Iteration 1≤1≤100

 deformation gradient aim       =
   1.0003495   -0.0000016   -0.0000001
   0.0000000    0.9998795   -0.0000049
   0.0000000    0.0000000    0.9998948

 ... evaluating constitutive response ......................................

 Piola--Kirchhoff stress       / MPa =
       40.0251        -0.0000        -0.0000
       -0.0000         0.0065         0.0001
       -0.0000         0.0001         0.0062

 ... doing gamma convolution ...............................................

 ... evaluating constitutive response ......................................

 Piola--Kirchhoff stress       / MPa =
       38.7473        -0.0000        -0.0000
       -0.0000         0.0061         0.0001
       -0.0000         0.0001         0.0058

 ... doing gamma convolution ...............................................

 ... reporting .............................................................

 error divergence =       422.40 (8.18E+06 / m, tol =  1.94E+04)
 error stress BC  =        32.33 (1.25E+06 Pa,  tol =  3.87E+04)

 ===========================================================================
 Increment 1/45-1/1 @ Iteration 1≤2≤100

 deformation gradient aim       =
   1.0003603   -0.0000016   -0.0000001
   0.0000000    0.9998758   -0.0000050
   0.0000000    0.0000000    0.9998915

 ... evaluating constitutive response ......................................

 Piola--Kirchhoff stress       / MPa =
       39.5156         0.0094         0.0309
        0.0094         0.1959         0.0137
        0.0308         0.0137         0.2592

 ... doing gamma convolution ...............................................

 ... evaluating constitutive response ......................................

 Piola--Kirchhoff stress       / MPa =
       40.1761         0.0091         0.0298
        0.0091         0.1899         0.0133
        0.0298         0.0133         0.2510

 ... doing gamma convolution ...............................................

 ... reporting .............................................................

 error divergence =        52.60 (1.06E+06 / m, tol =  2.01E+04)
 error stress BC  =         6.25 (2.51E+05 Pa,  tol =  4.02E+04)

 ===========================================================================
 Increment 1/45-1/1 @ Iteration 1≤3≤100

 deformation gradient aim       =
   1.0003655   -0.0000021   -0.0000015
   0.0000000    0.9998728   -0.0000057
   0.0000000    0.0000000    0.9998875

 ... evaluating constitutive response ......................................

 Piola--Kirchhoff stress       / MPa =
       39.9895        -0.0006         0.0022
       -0.0006         0.0082        -0.0015
        0.0022        -0.0015         0.0091

 ... doing gamma convolution ...............................................

 ... evaluating constitutive response ......................................

 Piola--Kirchhoff stress       / MPa =
       40.0131        -0.0003         0.0031
       -0.0003         0.0137        -0.0011
        0.0031        -0.0011         0.0165

 ... doing gamma convolution ...............................................

 ... reporting .............................................................

 error divergence =         7.55 (1.51E+05 / m, tol =  2.00E+04)
 error stress BC  =         0.41 (1.65E+04 Pa,  tol =  4.00E+04)

 ===========================================================================
 Increment 1/45-1/1 @ Iteration 1≤4≤100

 deformation gradient aim       =
   1.0003657   -0.0000020   -0.0000016
   0.0000000    0.9998727   -0.0000057
   0.0000000    0.0000000    0.9998873

 ... evaluating constitutive response ......................................

 Piola--Kirchhoff stress       / MPa =
       40.0003         0.0004         0.0007
        0.0004        -0.0019        -0.0009
        0.0007        -0.0009         0.0011

 ... doing gamma convolution ...............................................

 ... evaluating constitutive response ......................................

 Piola--Kirchhoff stress       / MPa =
       39.9964         0.0002         0.0003
        0.0002        -0.0049        -0.0012
        0.0003        -0.0012        -0.0028

 ... doing gamma convolution ...............................................

 ... reporting .............................................................

 error divergence =         1.06 (2.11E+04 / m, tol =  2.00E+04)
 error stress BC  =         0.12 (4.89E+03 Pa,  tol =  4.00E+04)

 ===========================================================================
 Increment 1/45-1/1 @ Iteration 1≤5≤100

 deformation gradient aim       =
   1.0003657   -0.0000021   -0.0000016
   0.0000000    0.9998727   -0.0000056
   0.0000000    0.0000000    0.9998873

 ... evaluating constitutive response ......................................

 Piola--Kirchhoff stress       / MPa =
       40.0000        -0.0001         0.0002
       -0.0001         0.0000        -0.0001
        0.0002        -0.0001        -0.0001

 ... doing gamma convolution ...............................................

 ... evaluating constitutive response ......................................

 Piola--Kirchhoff stress       / MPa =
       39.9996        -0.0000         0.0001
       -0.0000        -0.0004        -0.0001
        0.0001        -0.0001        -0.0005

 ... doing gamma convolution ...............................................

 ... reporting .............................................................

 error divergence =         0.15 (2.92E+03 / m, tol =  2.00E+04)
 error stress BC  =         0.01 (4.71E+02 Pa,  tol =  4.00E+04)

 ===========================================================================

 increment 1 converged

 ... saving results ........................................................
 saving solver data required for restart
 saving field and constitutive data required for restart

 ###########################################################################
 Time  1.33333E+02s: Increment 2/15-1/1 of load case 1/3
 Increment 2/45-1/1 @ Iteration 1≤0≤100

 deformation gradient aim       =
   1.0007313   -0.0000041   -0.0000032
   0.0000000    0.9997454   -0.0000112
   0.0000000    0.0000000    0.9997746

 ... evaluating constitutive response ......................................

 Piola--Kirchhoff stress       / MPa =
       82.2067        -0.0182        -0.0676
       -0.0182        -0.3996        -0.0223
       -0.0676        -0.0223        -0.5333

 ... doing gamma convolution ...............................................

 ... reporting .............................................................

 error divergence =        13.60 (5.59E+05 / m, tol =  4.11E+04)
 error stress BC  =        26.84 (2.21E+06 Pa,  tol =  8.22E+04)

 ===========================================================================
 Increment 2/45-1/1 @ Iteration 1≤1≤100

 deformation gradient aim       =
   1.0007094   -0.0000036   -0.0000017
   0.0000000    0.9997542   -0.0000104
   0.0000000    0.0000000    0.9997838

 ... evaluating constitutive response ......................................

 Piola--Kirchhoff stress       / MPa =
       79.9637         0.0012         0.0032
        0.0012         0.0113         0.0014
        0.0032         0.0014         0.0179

 ... doing gamma convolution ...............................................

 ... evaluating constitutive response ......................................

 Piola--Kirchhoff stress       / MPa =
       80.1416        -0.0003        -0.0024
       -0.0003        -0.0212        -0.0005
       -0.0024        -0.0005        -0.0258

 ... doing gamma convolution ...............................................

 ... reporting .............................................................

 error divergence =        12.64 (5.06E+05 / m, tol =  4.01E+04)
 error stress BC  =         1.77 (1.42E+05 Pa,  tol =  8.01E+04)

 ===========================================================================
 Increment 2/45-1/1 @ Iteration 1≤2≤100

 deformation gradient aim       =
   1.0007085   -0.0000036   -0.0000018
   0.0000000    0.9997545   -0.0000104
   0.0000000    0.0000000    0.9997841

 ... evaluating constitutive response ......................................

 Piola--Kirchhoff stress       / MPa =
       80.0300        -0.0011        -0.0028
       -0.0011        -0.0112        -0.0014
       -0.0028        -0.0014        -0.0169

 ... doing gamma convolution ...............................................

 ... evaluating constitutive response ......................................

 Piola--Kirchhoff stress       / MPa =
       79.9970        -0.0008        -0.0017
       -0.0008        -0.0050        -0.0010
       -0.0017        -0.0010        -0.0086

 ... doing gamma convolution ...............................................

 ... reporting .............................................................

 error divergence =         1.80 (7.21E+04 / m, tol =  4.00E+04)
 error stress BC  =         0.11 (8.56E+03 Pa,  tol =  8.00E+04)

 ===========================================================================
 Increment 2/45-1/1 @ Iteration 1≤3≤100

 deformation gradient aim       =
   1.0007081   -0.0000035   -0.0000017
   0.0000000    0.9997547   -0.0000104
   0.0000000    0.0000000    0.9997844

 ... evaluating constitutive response ......................................

 Piola--Kirchhoff stress       / MPa =
       80.0011         0.0000        -0.0002
        0.0000        -0.0007         0.0000
       -0.0002         0.0000        -0.0009

 ... doing gamma convolution ...............................................

 ... evaluating constitutive response ......................................

 Piola--Kirchhoff stress       / MPa =
       79.9993        -0.0000        -0.0002
       -0.0000        -0.0006        -0.0000
       -0.0002        -0.0000        -0.0008

 ... doing gamma convolution ...............................................

 ... reporting .............................................................

 error divergence =         0.24 (9.48E+03 / m, tol =  4.00E+04)
 error stress BC  =         0.01 (8.46E+02 Pa,  tol =  8.00E+04)

 ===========================================================================

 increment 2 converged

 ... saving results ........................................................
 saving solver data required for restart
 saving field and constitutive data required for restart

 ###########################################################################
 Time  2.00000E+02s: Increment 3/15-1/1 of load case 1/3
 Increment 3/45-1/1 @ Iteration 1≤0≤100

 deformation gradient aim       =
   1.0010506   -0.0000050   -0.0000017
   0.0000000    0.9996367   -0.0000151
   0.0000000    0.0000000    0.9996814

 ... evaluating constitutive response ......................................

 Piola--Kirchhoff stress       / MPa =
      118.7010         0.0112         0.0420
        0.0112         0.2723         0.0143
        0.0419         0.0143         0.3540

 ... doing gamma convolution ...............................................

 ... reporting .............................................................

 error divergence =         5.83 (3.46E+05 / m, tol =  5.94E+04)
 error stress BC  =        10.94 (1.30E+06 Pa,  tol =  1.19E+05)

 ===========================================================================
 Increment 3/45-1/1 @ Iteration 1≤1≤100

 deformation gradient aim       =
   1.0010636   -0.0000054   -0.0000026
   0.0000000    0.9996314   -0.0000156
   0.0000000    0.0000000    0.9996758

 ... evaluating constitutive response ......................................

 Piola--Kirchhoff stress       / MPa =
      120.0225        -0.0008        -0.0021
       -0.0008        -0.0071        -0.0008
       -0.0021        -0.0008        -0.0115

 ... doing gamma convolution ...............................................

 ... evaluating constitutive response ......................................

 Piola--Kirchhoff stress       / MPa =
      119.9157         0.0001         0.0014
        0.0001         0.0155         0.0005
        0.0014         0.0005         0.0181

 ... doing gamma convolution ...............................................

 ... reporting .............................................................

 error divergence =         5.07 (3.04E+05 / m, tol =  6.00E+04)
 error stress BC  =         0.70 (8.43E+04 Pa,  tol =  1.20E+05)

 ===========================================================================
 Increment 3/45-1/1 @ Iteration 1≤2≤100

 deformation gradient aim       =
   1.0010642   -0.0000054   -0.0000026
   0.0000000    0.9996311   -0.0000156
   0.0000000    0.0000000    0.9996756

 ... evaluating constitutive response ......................................

 Piola--Kirchhoff stress       / MPa =
      119.9821         0.0007         0.0017
        0.0007         0.0067         0.0009
        0.0017         0.0009         0.0101

 ... doing gamma convolution ...............................................

 ... evaluating constitutive response ......................................

 Piola--Kirchhoff stress       / MPa =
      120.0012         0.0005         0.0010
        0.0005         0.0026         0.0007
        0.0010         0.0007         0.0047

 ... doing gamma convolution ...............................................

 ... reporting .............................................................

 error divergence =         0.72 (4.33E+04 / m, tol =  6.00E+04)
 error stress BC  =         0.04 (4.68E+03 Pa,  tol =  1.20E+05)

 ===========================================================================

 increment 3 converged

 ... saving results ........................................................
 saving solver data required for restart
 saving field and constitutive data required for restart

 ###########################################################################
 Time  2.66667E+02s: Increment 4/15-1/1 of load case 1/3
 Increment 4/45-1/1 @ Iteration 1≤0≤100

 deformation gradient aim       =
   1.0014207   -0.0000072   -0.0000036
   0.0000000    0.9995073   -0.0000210
   0.0000000    0.0000000    0.9995665

 ... evaluating constitutive response ......................................

 Piola--Kirchhoff stress       / MPa =
      160.3520        -0.0023        -0.0087
       -0.0023        -0.0473        -0.0035
       -0.0087        -0.0035        -0.0649

 ... doing gamma convolution ...............................................

 ... reporting .............................................................

 error divergence =         1.71 (1.37E+05 / m, tol =  8.02E+04)
 error stress BC  =         2.19 (3.52E+05 Pa,  tol =  1.60E+05)

 ===========================================================================
 Increment 4/45-1/1 @ Iteration 1≤1≤100

 deformation gradient aim       =
   1.0014174   -0.0000071   -0.0000034
   0.0000000    0.9995086   -0.0000209
   0.0000000    0.0000000    0.9995679

 ... evaluating constitutive response ......................................

 Piola--Kirchhoff stress       / MPa =
      159.9934         0.0002         0.0007
        0.0002         0.0023         0.0002
        0.0007         0.0002         0.0037

 ... doing gamma convolution ...............................................

 ... evaluating constitutive response ......................................

 Piola--Kirchhoff stress       / MPa =
      160.0195         0.0000         0.0000
        0.0000        -0.0013        -0.0001
        0.0000        -0.0001        -0.0013

 ... doing gamma convolution ...............................................

 ... reporting .............................................................

 error divergence =         0.89 (7.16E+04 / m, tol =  8.00E+04)
 error stress BC  =         0.12 (1.95E+04 Pa,  tol =  1.60E+05)

 ===========================================================================

 increment 4 converged

 ... saving results ........................................................
 saving solver data required for restart
 saving field and constitutive data required for restart

 ###########################################################################
 Time  3.33333E+02s: Increment 5/15-1/1 of load case 1/3
 Increment 5/45-1/1 @ Iteration 1≤0≤100

 deformation gradient aim       =
   1.0017701   -0.0000089   -0.0000043
   0.0000000    0.9993863   -0.0000260
   0.0000000    0.0000000    0.9994603

 ... evaluating constitutive response ......................................

 Piola--Kirchhoff stress       / MPa =
      199.9108         0.0003         0.0010
        0.0003         0.0483         0.0060
        0.0010         0.0060         0.0425

 ... doing gamma convolution ...............................................

 ... reporting .............................................................

 error divergence =         1.97 (1.97E+05 / m, tol =  1.00E+05)
 error stress BC  =         0.45 (8.92E+04 Pa,  tol =  2.00E+05)

 ===========================================================================
 Increment 5/45-1/1 @ Iteration 1≤1≤100

 deformation gradient aim       =
   1.0017711   -0.0000089   -0.0000043
   0.0000000    0.9993857   -0.0000262
   0.0000000    0.0000000    0.9994599

 ... evaluating constitutive response ......................................

 Piola--Kirchhoff stress       / MPa =
      200.0090        -0.0004        -0.0011
       -0.0004        -0.0030        -0.0004
       -0.0011        -0.0004        -0.0055

 ... doing gamma convolution ...............................................

 ... evaluating constitutive response ......................................

 Piola--Kirchhoff stress       / MPa =
      199.9965        -0.0003        -0.0008
       -0.0003         0.0035         0.0004
       -0.0008         0.0004         0.0007

 ... doing gamma convolution ...............................................

 ... reporting .............................................................

 error divergence =         0.31 (3.06E+04 / m, tol =  1.00E+05)
 error stress BC  =         0.02 (3.55E+03 Pa,  tol =  2.00E+05)

 ===========================================================================

 increment 5 converged

 ... saving results ........................................................
 saving solver data required for restart
 saving field and constitutive data required for restart

 ###########################################################################
 Time  4.00000E+02s: Increment 6/15-1/1 of load case 1/3
 Increment 6/45-1/1 @ Iteration 1≤0≤100

 deformation gradient aim       =
   1.0021249   -0.0000107   -0.0000051
   0.0000000    0.9992628   -0.0000315
   0.0000000    0.0000000    0.9993519

 ... evaluating constitutive response ......................................

 Piola--Kirchhoff stress       / MPa =
      239.5519        -0.0019        -0.0144
       -0.0019         0.3725         0.0838
       -0.0144         0.0838         0.1499

 ... doing gamma convolution ...............................................

 ... reporting .............................................................

 error divergence =        16.81 (2.01E+06 / m, tol =  1.20E+05)
 error stress BC  =         1.87 (4.48E+05 Pa,  tol =  2.40E+05)

 ===========================================================================
 Increment 6/45-1/1 @ Iteration 1≤1≤100

 deformation gradient aim       =
   1.0021303   -0.0000107   -0.0000047
   0.0000000    0.9992586   -0.0000334
   0.0000000    0.0000000    0.9993505

 ... evaluating constitutive response ......................................

 Piola--Kirchhoff stress       / MPa =
      239.8550        -0.0025        -0.0059
       -0.0025         0.0975         0.0237
       -0.0059         0.0237         0.0445

 ... doing gamma convolution ...............................................

 ... evaluating constitutive response ......................................

 Piola--Kirchhoff stress       / MPa =
      239.9768        -0.0027        -0.0025
       -0.0026        -0.0132        -0.0001
       -0.0025        -0.0001         0.0018

 ... doing gamma convolution ...............................................

 ... reporting .............................................................

 error divergence =         3.48 (4.18E+05 / m, tol =  1.20E+05)
 error stress BC  =         0.10 (2.32E+04 Pa,  tol =  2.40E+05)

 ===========================================================================
 Increment 6/45-1/1 @ Iteration 1≤2≤100

 deformation gradient aim       =
   1.0021322   -0.0000106   -0.0000046
   0.0000000    0.9992574   -0.0000340
   0.0000000    0.0000000    0.9993498

 ... evaluating constitutive response ......................................

 Piola--Kirchhoff stress       / MPa =
      239.9984        -0.0012        -0.0005
       -0.0012         0.0051         0.0013
       -0.0005         0.0013        -0.0018

 ... doing gamma convolution ...............................................

 ... evaluating constitutive response ......................................

 Piola--Kirchhoff stress       / MPa =
      240.0157        -0.0013         0.0001
       -0.0013        -0.0088        -0.0016
        0.0001        -0.0016        -0.0076

 ... doing gamma convolution ...............................................

 ... reporting .............................................................

 error divergence =         0.84 (1.01E+05 / m, tol =  1.20E+05)
 error stress BC  =         0.07 (1.57E+04 Pa,  tol =  2.40E+05)

 ===========================================================================

 increment 6 converged

 ... saving results ........................................................
 saving solver data required for restart
 saving field and constitutive data required for restart

 ###########################################################################
 Time  4.66667E+02s: Increment 7/15-1/1 of load case 1/3
 Increment 7/45-1/1 @ Iteration 1≤0≤100

 deformation gradient aim       =
   1.0024929   -0.0000121   -0.0000048
   0.0000000    0.9991293   -0.0000418
   0.0000000    0.0000000    0.9992400

 ... evaluating constitutive response ......................................

 Piola--Kirchhoff stress       / MPa =
      277.2853         0.0153        -0.0139
        0.0152         1.9038         0.2770
       -0.0139         0.2770         0.8439

 ... doing gamma convolution ...............................................

 ... reporting .............................................................

 error divergence =        51.55 (7.15E+06 / m, tol =  1.39E+05)
 error stress BC  =         9.79 (2.71E+06 Pa,  tol =  2.77E+05)

 ===========================================================================
 Increment 7/45-1/1 @ Iteration 1≤1≤100

 deformation gradient aim       =
   1.0025262   -0.0000127   -0.0000044
   0.0000000    0.9991054   -0.0000489
   0.0000000    0.0000000    0.9992303

 ... evaluating constitutive response ......................................

 Piola--Kirchhoff stress       / MPa =
      278.9176        -0.0041        -0.0083
       -0.0041         0.6980         0.1065
       -0.0083         0.1065         0.3506

 ... doing gamma convolution ...............................................

 ... evaluating constitutive response ......................................

 Piola--Kirchhoff stress       / MPa =
      280.2553        -0.0213        -0.0021
       -0.0212        -0.2972        -0.0353
       -0.0021        -0.0353        -0.0519

 ... doing gamma convolution ...............................................

 ... reporting .............................................................

 error divergence =        18.10 (2.54E+06 / m, tol =  1.40E+05)
 error stress BC  =         1.06 (2.97E+05 Pa,  tol =  2.80E+05)

 ===========================================================================
 Increment 7/45-1/1 @ Iteration 1≤2≤100

 deformation gradient aim       =
   1.0025359   -0.0000121   -0.0000042
   0.0000000    0.9990998   -0.0000507
   0.0000000    0.0000000    0.9992266

 ... evaluating constitutive response ......................................

 Piola--Kirchhoff stress       / MPa =
      279.8697        -0.0041         0.0014
       -0.0041         0.1069         0.0197
        0.0014         0.0197         0.0269

 ... doing gamma convolution ...............................................

 ... evaluating constitutive response ......................................

 Piola--Kirchhoff stress       / MPa =
      279.9906        -0.0038         0.0031
       -0.0038         0.0363         0.0091
        0.0031         0.0091        -0.0156

 ... doing gamma convolution ...............................................

 ... reporting .............................................................

 error divergence =         6.36 (8.91E+05 / m, tol =  1.40E+05)
 error stress BC  =         0.13 (3.63E+04 Pa,  tol =  2.80E+05)

 ===========================================================================
 Increment 7/45-1/1 @ Iteration 1≤3≤100

 deformation gradient aim       =
   1.0025377   -0.0000120   -0.0000043
   0.0000000    0.9990981   -0.0000514
   0.0000000    0.0000000    0.9992265

 ... evaluating constitutive response ......................................

 Piola--Kirchhoff stress       / MPa =
      280.0107        -0.0011        -0.0019
       -0.0011        -0.0062        -0.0023
       -0.0019        -0.0023        -0.0057

 ... doing gamma convolution ...............................................

 ... evaluating constitutive response ......................................

 Piola--Kirchhoff stress       / MPa =
      279.9919         0.0021        -0.0037
        0.0021         0.0096        -0.0032
       -0.0037        -0.0032         0.0030

 ... doing gamma convolution ...............................................

 ... reporting .............................................................

 error divergence =         2.12 (2.97E+05 / m, tol =  1.40E+05)
 error stress BC  =         0.03 (9.59E+03 Pa,  tol =  2.80E+05)

 ===========================================================================
 Increment 7/45-1/1 @ Iteration 1≤4≤100

 deformation gradient aim       =
   1.0025377   -0.0000120   -0.0000041
   0.0000000    0.9990981   -0.0000513
   0.0000000    0.0000000    0.9992265

 ... evaluating constitutive response ......................................

 Piola--Kirchhoff stress       / MPa =
      279.9986        -0.0003         0.0005
       -0.0003         0.0031        -0.0004
        0.0005        -0.0004        -0.0017

 ... doing gamma convolution ...............................................

 ... evaluating constitutive response ......................................

 Piola--Kirchhoff stress       / MPa =
      279.9995        -0.0004         0.0012
       -0.0004        -0.0012        -0.0008
        0.0012        -0.0008        -0.0006

 ... doing gamma convolution ...............................................

 ... reporting .............................................................

 error divergence =         0.65 (9.08E+04 / m, tol =  1.40E+05)
 error stress BC  =         0.00 (1.21E+03 Pa,  tol =  2.80E+05)

 ===========================================================================

 increment 7 converged

 ... saving results ........................................................
 saving solver data required for restart
 saving field and constitutive data required for restart

 ###########################################################################
 Time  5.33333E+02s: Increment 8/15-1/1 of load case 1/3
 Increment 8/45-1/1 @ Iteration 1≤0≤100

 deformation gradient aim       =
   1.0029433   -0.0000134   -0.0000038
   0.0000000    0.9989386   -0.0000685
   0.0000000    0.0000000    0.9991031

 ... evaluating constitutive response ......................................

 Piola--Kirchhoff stress       / MPa =
      312.9180         0.0358         0.0917
        0.0355         4.5521         0.5523
        0.0912         0.5525         2.4335

 ... doing gamma convolution ...............................................

 ... reporting .............................................................

 error divergence =        54.59 (8.54E+06 / m, tol =  1.56E+05)
 error stress BC  =        22.63 (7.08E+06 Pa,  tol =  3.13E+05)

 ===========================================================================
 Increment 8/45-1/1 @ Iteration 1≤1≤100

 deformation gradient aim       =
   1.0030419   -0.0000153   -0.0000061
   0.0000000    0.9988720   -0.0000852
   0.0000000    0.0000000    0.9990710

 ... evaluating constitutive response ......................................

 Piola--Kirchhoff stress       / MPa =
      318.1910        -0.0026         0.0521
       -0.0027         1.0150         0.1597
        0.0518         0.1597         0.7305

 ... doing gamma convolution ...............................................

 ... evaluating constitutive response ......................................

 Piola--Kirchhoff stress       / MPa =
      319.4209        -0.0124         0.0430
       -0.0125         0.1882         0.0701
        0.0428         0.0700         0.3338

