
 <<<+-  parallelization init  -+>>>

 Open MPI v4.1.6, package: Debian OpenMPI, ident: 4.1.6, repo rev: v4.1.6, Sep 30, 2023
 MPI standard: 3.1
 OpenMP version: 201511

 MPI processes: 1
 Could not get $OMP_NUM_THREADS, using default
 OMP_NUM_THREADS: 4

 <<<+-  CLI init  -+>>>

     _/_/_/      _/_/    _/      _/    _/_/      _/_/_/  _/    _/    _/_/_/
    _/    _/  _/    _/  _/_/  _/_/  _/    _/  _/        _/  _/            _/
   _/    _/  _/_/_/_/  _/  _/  _/  _/_/_/_/    _/_/    _/_/          _/_/
  _/    _/  _/    _/  _/      _/  _/    _/        _/  _/  _/            _/
 _/_/_/    _/    _/  _/      _/  _/    _/  _/_/_/    _/    _/    _/_/_/
 Grid solver

 F. Roters et al., Computational Materials Science 158:420–478, 2019
 https://doi.org/10.1016/j.commatsci.2018.04.030

 S. Balay et al., PETSc/TAO User Manual Revision 3.19
 https://doi.org/10.2172/1968587

 Version: v3.0.1

 Compiled with: GCC version 13.3.0
 Compiled on: Linux-6.8.0-51-generic
 Compiler options: -cpp -I /usr/lib/petscdir/petsc3.19/x86_64-linux-gnu-real/include -I /usr/include/hypre -I /usr/include/suitesparse -I /usr/include/superlu -I /usr/include/superlu-dist -I /usr/include/trilinos -I /usr/include/scotch -I /usr/include/hdf5/openmpi -I /usr/include/hdf5/serial -I /usr/include -I /usr/lib/x86_64-linux-gnu/openmpi/lib/../../fortran/gfortran-mod-15/openmpi -I /usr/lib/x86_64-linux-gnu/openmpi/lib -imultiarch x86_64-linux-gnu -D_REENTRANT -D CMAKE_SYSTEM="Linux-6.8.0-51-generic" -D DAMASKVERSION="v3.0.1" -D FYAML -D GRID -D PETSC --param=l1-cache-size=32 --param=l1-cache-line-size=64 --param=l2-cache-size=512 -mtune=znver2 -mno-omit-leaf-frame-pointer -march=x86-64 -g -O2 -O2 -Wall -Wextra -Wcharacter-truncation -Wunderflow -Wsuggest-attribute=pure -Wsuggest-attribute=noreturn -Wconversion-extra -Wunused-parameter -std=f2018 -fno-omit-frame-pointer -ffile-prefix-map=/build/damask-XEckOy/damask-3.0.1=. -flto=auto -ffat-lto-objects -fstack-protector-strong -fstack-clash-protection -fcf-protection=full -fdebug-prefix-map=/build/damask-XEckOy/damask-3.0.1=/usr/src/damask-3.0.1-6~noble -fopenmp -fPIE -ffree-line-length-none -fimplicit-none -fallow-argument-mismatch -ffpe-summary=all -fpre-include=/usr/include/finclude/x86_64-linux-gnu/math-vector-fortran.h

 Compiled on: Jan 14 2025 at 07:40:31

 PETSc version: 3.19.6

 Date: 14/11/2025
 Time: 23:11:32

 Host name: UT170340
 User name: vincent

 Command line call:      DAMASK_grid --geom /home/vincent/local_Homogenization_for_Damask/projects/template_yield_surface_postprocessing_only/input_files/Polycrystal_25_5x5x5.vti --load /home/vincent/local_Homogenization_for_Damask/projects/template_yield_surface_postprocessing_only/damask_files/yield_surface/tensile_y_z_q1_1/LOADCASE.yaml --material /home/vincent/local_Homogenization_for_Damask/projects/template_yield_surface_postprocessing_only/input_files/titanium_assigned.yaml --numerics /home/vincent/local_Homogenization_for_Damask/projects/template_yield_surface_postprocessing_only/damask_files/yield_surface/tensile_y_z_q1_1/NUMERICS.yaml --jobname template_yield_surface_postprocessing_only --workingdirectory /home/vincent/local_Homogenization_for_Damask/projects/template_yield_surface_postprocessing_only/damask_files/yield_surface/tensile_y_z_q1_1

 Working directory:      /home/vincent/local_Homogenization_for_Damask/projects/template_yield_surface_postprocessing_only/damask_files/yield_surface/tensile_y_z_q1_1
 Geometry:               ../../../input_files/Polycrystal_25_5x5x5.vti <-- /home/vincent/local_Homogenization_for_Damask/projects/template_yield_surface_postprocessing_only/input_files/Polycrystal_25_5x5x5.vti
 Load case:              LOADCASE.yaml <-- /home/vincent/local_Homogenization_for_Damask/projects/template_yield_surface_postprocessing_only/damask_files/yield_surface/tensile_y_z_q1_1/LOADCASE.yaml
 Material config:        ../../../input_files/titanium_assigned.yaml <-- /home/vincent/local_Homogenization_for_Damask/projects/template_yield_surface_postprocessing_only/input_files/titanium_assigned.yaml
 Numerics config:        NUMERICS.yaml <-- /home/vincent/local_Homogenization_for_Damask/projects/template_yield_surface_postprocessing_only/damask_files/yield_surface/tensile_y_z_q1_1/NUMERICS.yaml
 Solver job name:        template_yield_surface_postprocessing_only

 <<<+-  system_routines init  -+>>>

 <<<+-  prec init  -+>>>

 integer size / bit:   32
   maximum value:              2147483647

 real size / bit:      64
   maximum value:      0.180+309
   minimum value:      0.223-307
   epsilon value:      0.222E-15
   decimal precision:  15

 <<<+-  misc init  -+>>>

 <<<+-  IO init  -+>>>

 <<<+-  base64 init  -+>>>

 <<<+-  types init  -+>>>

 <<<+-  YAML init  -+>>>

 libfyaml powered

 <<<+-  HDF5_utilities init  -+>>>

 <<<+-  result init  -+>>>

 M. Diehl et al., Integrating Materials and Manufacturing Innovation 6(1):83–91, 2017
 https://doi.org/10.1007/s40192-017-0084-5

 <<<+-  config init  -+>>>

 reading material configuration

 reading numerics configuration

 <<<+-  math init  -+>>>

 size  of random seed:      8
 value of random seed:       -318427995 -1272506940   569297211  1755711154   373098086 -1561213751   612803813 -1297345395
 start of random sequence: 
                           0.20942089227397
                           0.88082174902231
                           0.85510281037443
                           0.71627305750889

 <<<+-  rotations init  -+>>>

 D. Rowenhorst et al., Modelling and Simulation in Materials Science and Engineering 23:083501, 2015
 https://doi.org/10.1088/0965-0393/23/8/083501

 <<<+-  polynomials init  -+>>>

 <<<+-  tables init  -+>>>

 <<<+-  crystal init  -+>>>

 <<<+-  discretization_grid init  -+>>>

 cells:  5 × 5 × 5
 size:   1.00E-05 × 1.00E-05 × 1.00E-05 m³
 origin:  0.00E+00  0.00E+00  0.00E+00 m

 <<<+-  discretization init  -+>>>

 <<<+-  material init  -+>>>

 parsed material.yaml

 <<<+-  phase init  -+>>>

 phase 1: A

 references:
   - https://www.totalmateria.com/page.aspx?ID=CheckArticle&site=ktn&NM=221
   - https://en.wikipedia.org/wiki/Titanium

 <<<+-  phase:mechanical init  -+>>>

 <<<+-  phase:mechanical:elastic init  -+>>>

 <<<+-  phase:mechanical:elastic:Hooke init  -+>>>

 # phases: 1

 phase 1: A

 references:
   - E.S. Fisher and C.J. Renken, Physical Review 135(2A):A482-A494, 1964,
     https://doi.org/10.1103/PhysRev.135.A482, fit to Tab. IV (T_min=77K, 
     T_max=923K) 

 <<<+-  phase:mechanical:plasticity init  -+>>>

 <<<+-  phase:mechanical:plastic:phenopowerlaw init  -+>>>

 # phases: 1

 phase 1: A

 references:
   - C. Zambaldi et al., Journal of Materials Research 27(1):356-367, 2021,
     https://doi.org/10.1557/jmr.2011.334 
   - L. Wang et al., Acta Materialia 132:598-610, 2017,
     https://doi.org/10.1016/j.actamat.2017.05.015 

 <<<+-  phase:mechanical:eigen init  -+>>>

 <<<+-  phase:damage init  -+>>>

 <<<+-  phase:thermal init  -+>>>

 <<<+-  homogenization init  -+>>>

 <<<+-  homogenization:mechanical init  -+>>>

 <<<+-  homogenization:mechanical:pass init  -+>>>

 # homogenizations: 1

 <<<+-  homogenization:thermal init  -+>>>

 <<<+-  homogenization:damage init  -+>>>

 <<<+-  homogenization:damage:pass init  -+>>>

 <<<+-  materialpoint init  -+>>>

 deallocating material configuration

 <<<+-  DAMASK_grid init  -+>>>

 P. Shanthraj et al., Handbook of Mechanics of Materials, 2019
 https://doi.org/10.1007/978-981-10-6855-3_80

 <<<+-  spectral_utilities init  -+>>>

 M. Diehl, Diploma Thesis TU München, 2010
 https://doi.org/10.13140/2.1.3234.3840

 P. Eisenlohr et al., International Journal of Plasticity 46:37–53, 2013
 https://doi.org/10.1016/j.ijplas.2012.09.012

 P. Shanthraj et al., International Journal of Plasticity 66:31–45, 2015
 https://doi.org/10.1016/j.ijplas.2014.02.006

 P. Shanthraj et al., Handbook of Mechanics of Materials, 2019
 https://doi.org/10.1007/978-981-10-6855-3_80

 M. Frigo and S.G. Johnson, Proceedings of the IEEE 93(2):216–231, 2005
 https://doi.org/10.1109/jproc.2004.840301

 FFTW initialized

 <<<+-  grid_mechanical_spectral_basic init  -+>>>

 P. Eisenlohr et al., International Journal of Plasticity 46:37–53, 2013
 https://doi.org/10.1016/j.ijplas.2012.09.012

 P. Shanthraj et al., International Journal of Plasticity 66:31–45, 2015
 https://doi.org/10.1016/j.ijplas.2014.02.006

 ... evaluating constitutive response ......................................

 Piola--Kirchhoff stress       / MPa =
        0.0000         0.0000         0.0000
        0.0000         0.0000        -0.0000
        0.0000        -0.0000         0.0000

 deallocating numerics configuration

 ... saving initial configuration ..........................................

 load case: 1
  estimate_rate: F
  F:
       x             x             x      
     0.0000000       x             x      
     0.0000000     0.0000000       x      
  P / MPa:
        0.0000        0.0000        0.0000
       x           -424.2641        0.0000
       x             x            424.2641
  r: 1 (constant step width)
  t: 1000.000
  N: 15
  f_out: 1
  f_restart: 1

 ###########################################################################
 Time  6.66667E+01s: Increment 1/15-1/1 of load case 1/1
 Increment 1/15-1/1 @ Iteration 1≤0≤100

 deformation gradient aim       =
   1.0000000    0.0000000    0.0000000
   0.0000000    1.0000000    0.0000000
   0.0000000    0.0000000    1.0000000

 ... evaluating constitutive response ......................................

 Piola--Kirchhoff stress       / MPa =
       -0.0000         0.0000         0.0000
        0.0000        -0.0000        -0.0000
        0.0000        -0.0000        -0.0000

 ... doing gamma convolution ...............................................

 ... reporting .............................................................

 error divergence =         1.24 (1.24E-04 / m, tol =  1.00E-04)
 error stress BC  =     28284.27 (2.83E+07 Pa,  tol =  1.00E+03)

 ===========================================================================
 Increment 1/15-1/1 @ Iteration 1≤1≤100

 deformation gradient aim       =
   1.0000108   -0.0000031   -0.0000039
   0.0000000    0.9996809    0.0000016
   0.0000000    0.0000000    1.0003090

 ... evaluating constitutive response ......................................

 Piola--Kirchhoff stress       / MPa =
        0.0078         0.0001        -0.0001
       -0.0000       -28.2632         0.0000
       -0.0000        -0.0000        28.3049

 ... doing gamma convolution ...............................................

 ... evaluating constitutive response ......................................

 Piola--Kirchhoff stress       / MPa =
        0.0073         0.0001        -0.0001
       -0.0000       -27.5071         0.0000
       -0.0000        -0.0000        27.5466

 ... doing gamma convolution ...............................................

 ... reporting .............................................................

 error divergence =       635.04 (8.75E+06 / m, tol =  1.38E+04)
 error stress BC  =        28.21 (7.77E+05 Pa,  tol =  2.75E+04)

 ===========================================================================
 Increment 1/15-1/1 @ Iteration 1≤2≤100

 deformation gradient aim       =
   1.0000112   -0.0000032   -0.0000040
   0.0000000    0.9996721    0.0000016
   0.0000000    0.0000000    1.0003170

 ... evaluating constitutive response ......................................

 Piola--Kirchhoff stress       / MPa =
        0.0494        -0.0598        -0.0522
       -0.0598       -27.8871        -0.0199
       -0.0521        -0.0200        27.8793

 ... doing gamma convolution ...............................................

 ... evaluating constitutive response ......................................

 Piola--Kirchhoff stress       / MPa =
        0.0503        -0.0607        -0.0530
       -0.0607       -28.2717        -0.0202
       -0.0529        -0.0203        28.2643

 ... doing gamma convolution ...............................................

 ... reporting .............................................................

 error divergence =        86.65 (1.22E+06 / m, tol =  1.41E+04)
 error stress BC  =         2.15 (6.07E+04 Pa,  tol =  2.83E+04)

 ===========================================================================
 Increment 1/15-1/1 @ Iteration 1≤3≤100

 deformation gradient aim       =
   1.0000104   -0.0000004   -0.0000017
   0.0000000    0.9996678    0.0000025
   0.0000000    0.0000000    1.0003219

 ... evaluating constitutive response ......................................

 Piola--Kirchhoff stress       / MPa =
       -0.0028        -0.0020         0.0011
       -0.0021       -28.2776        -0.0024
        0.0012        -0.0025        28.2741

 ... doing gamma convolution ...............................................

 ... evaluating constitutive response ......................................

 Piola--Kirchhoff stress       / MPa =
       -0.0003        -0.0051        -0.0017
       -0.0051       -28.2862        -0.0034
       -0.0016        -0.0035        28.2817

 ... doing gamma convolution ...............................................

 ... reporting .............................................................

 error divergence =        12.69 (1.79E+05 / m, tol =  1.41E+04)
 error stress BC  =         0.18 (5.05E+03 Pa,  tol =  2.83E+04)

 ===========================================================================
 Increment 1/15-1/1 @ Iteration 1≤4≤100

 deformation gradient aim       =
   1.0000104   -0.0000002   -0.0000017
   0.0000000    0.9996677    0.0000026
   0.0000000    0.0000000    1.0003220

 ... evaluating constitutive response ......................................

 Piola--Kirchhoff stress       / MPa =
        0.0023        -0.0009        -0.0010
       -0.0009       -28.2855         0.0001
       -0.0009         0.0000        28.2834

 ... doing gamma convolution ...............................................

 ... evaluating constitutive response ......................................

 Piola--Kirchhoff stress       / MPa =
        0.0014        -0.0001        -0.0002
       -0.0001       -28.2852         0.0003
       -0.0001         0.0003        28.2831

 ... doing gamma convolution ...............................................

 ... reporting .............................................................

 error divergence =         1.74 (2.45E+04 / m, tol =  1.41E+04)
 error stress BC  =         0.05 (1.43E+03 Pa,  tol =  2.83E+04)

 ===========================================================================
 Increment 1/15-1/1 @ Iteration 1≤5≤100

 deformation gradient aim       =
   1.0000104   -0.0000002   -0.0000016
   0.0000000    0.9996677    0.0000026
   0.0000000    0.0000000    1.0003220

 ... evaluating constitutive response ......................................

 Piola--Kirchhoff stress       / MPa =
       -0.0001        -0.0001        -0.0001
       -0.0001       -28.2842         0.0000
       -0.0000        -0.0000        28.2844

 ... doing gamma convolution ...............................................

 ... evaluating constitutive response ......................................

 Piola--Kirchhoff stress       / MPa =
       -0.0001         0.0000        -0.0001
       -0.0000       -28.2842         0.0001
       -0.0000         0.0001        28.2844

 ... doing gamma convolution ...............................................

 ... reporting .............................................................

 error divergence =         0.24 (3.44E+03 / m, tol =  1.41E+04)
 error stress BC  =         0.00 (1.24E+02 Pa,  tol =  2.83E+04)

 ===========================================================================

 increment 1 converged

 ... saving results ........................................................
 saving solver data required for restart
 saving field and constitutive data required for restart

 ###########################################################################
 Time  1.33333E+02s: Increment 2/15-1/1 of load case 1/1
 Increment 2/15-1/1 @ Iteration 1≤0≤100

 deformation gradient aim       =
   1.0000208   -0.0000004   -0.0000033
   0.0000000    0.9993354    0.0000052
   0.0000000    0.0000000    1.0006441

 ... evaluating constitutive response ......................................

 Piola--Kirchhoff stress       / MPa =
       -0.0960         0.1273         0.1065
        0.1271       -58.0683         0.0450
        0.1067         0.0448        58.1102

 ... doing gamma convolution ...............................................

 ... reporting .............................................................

 error divergence =        16.95 (4.93E+05 / m, tol =  2.91E+04)
 error stress BC  =        26.53 (1.54E+06 Pa,  tol =  5.81E+04)

 ===========================================================================
 Increment 2/15-1/1 @ Iteration 1≤1≤100

 deformation gradient aim       =
   1.0000212   -0.0000032   -0.0000055
   0.0000000    0.9993522    0.0000041
   0.0000000    0.0000000    1.0006271

 ... evaluating constitutive response ......................................

 Piola--Kirchhoff stress       / MPa =
        0.0035        -0.0057        -0.0050
       -0.0059       -56.5491        -0.0017
       -0.0047        -0.0020        56.5425

 ... doing gamma convolution ...............................................

 ... evaluating constitutive response ......................................

 Piola--Kirchhoff stress       / MPa =
       -0.0030         0.0030         0.0024
        0.0029       -56.6489         0.0013
        0.0027         0.0011        56.6455

 ... doing gamma convolution ...............................................

 ... reporting .............................................................

 error divergence =        15.40 (4.36E+05 / m, tol =  2.83E+04)
 error stress BC  =         1.42 (8.04E+04 Pa,  tol =  5.66E+04)

 ===========================================================================
 Increment 2/15-1/1 @ Iteration 1≤2≤100

 deformation gradient aim       =
   1.0000211   -0.0000031   -0.0000054
   0.0000000    0.9993528    0.0000041
   0.0000000    0.0000000    1.0006265

 ... evaluating constitutive response ......................................

 Piola--Kirchhoff stress       / MPa =
       -0.0043         0.0051         0.0044
        0.0049       -56.5877         0.0015
        0.0047         0.0013        56.5891

 ... doing gamma convolution ...............................................

 ... evaluating constitutive response ......................................

 Piola--Kirchhoff stress       / MPa =
       -0.0031         0.0036         0.0032
        0.0034       -56.5693         0.0010
        0.0035         0.0007        56.5702

 ... doing gamma convolution ...............................................

 ... reporting .............................................................

 error divergence =         2.37 (6.70E+04 / m, tol =  2.83E+04)
 error stress BC  =         0.06 (3.59E+03 Pa,  tol =  5.66E+04)

 ===========================================================================
 Increment 2/15-1/1 @ Iteration 1≤3≤100

 deformation gradient aim       =
   1.0000212   -0.0000033   -0.0000056
   0.0000000    0.9993530    0.0000041
   0.0000000    0.0000000    1.0006263

 ... evaluating constitutive response ......................................

 Piola--Kirchhoff stress       / MPa =
        0.0003         0.0001         0.0000
       -0.0000       -56.5694         0.0002
        0.0003        -0.0001        56.5695

 ... doing gamma convolution ...............................................

 ... evaluating constitutive response ......................................

 Piola--Kirchhoff stress       / MPa =
        0.0001         0.0003         0.0002
        0.0001       -56.5684         0.0002
        0.0005        -0.0000        56.5686

 ... doing gamma convolution ...............................................

 ... reporting .............................................................

 error divergence =         0.35 (9.82E+03 / m, tol =  2.83E+04)
 error stress BC  =         0.01 (3.09E+02 Pa,  tol =  5.66E+04)

 ===========================================================================

 increment 2 converged

 ... saving results ........................................................
 saving solver data required for restart
 saving field and constitutive data required for restart

 ###########################################################################
 Time  2.00000E+02s: Increment 3/15-1/1 of load case 1/1
 Increment 3/15-1/1 @ Iteration 1≤0≤100

 deformation gradient aim       =
   1.0000320   -0.0000065   -0.0000095
   0.0000000    0.9990384    0.0000056
   0.0000000    0.0000000    1.0009305

 ... evaluating constitutive response ......................................

 Piola--Kirchhoff stress       / MPa =
        0.0837        -0.0763        -0.0640
       -0.0768       -83.8803        -0.0271
       -0.0632        -0.0277        83.9917

 ... doing gamma convolution ...............................................

 ... reporting .............................................................

 error divergence =         7.09 (2.98E+05 / m, tol =  4.20E+04)
 error stress BC  =        11.58 (9.73E+05 Pa,  tol =  8.40E+04)

 ===========================================================================
 Increment 3/15-1/1 @ Iteration 1≤1≤100

 deformation gradient aim       =
   1.0000319   -0.0000048   -0.0000082
   0.0000000    0.9990279    0.0000062
   0.0000000    0.0000000    1.0009404

 ... evaluating constitutive response ......................................

 Piola--Kirchhoff stress       / MPa =
       -0.0022         0.0035         0.0030
        0.0031       -84.8647         0.0010
        0.0037         0.0005        84.8684

 ... doing gamma convolution ...............................................

 ... evaluating constitutive response ......................................

 Piola--Kirchhoff stress       / MPa =
        0.0035        -0.0018        -0.0014
       -0.0022       -84.8001        -0.0008
       -0.0007        -0.0014        84.8108

 ... doing gamma convolution ...............................................

 ... reporting .............................................................

 error divergence =         6.20 (2.63E+05 / m, tol =  4.24E+04)
 error stress BC  =         0.62 (5.28E+04 Pa,  tol =  8.48E+04)

 ===========================================================================
 Increment 3/15-1/1 @ Iteration 1≤2≤100

 deformation gradient aim       =
   1.0000319   -0.0000049   -0.0000082
   0.0000000    0.9990275    0.0000062
   0.0000000    0.0000000    1.0009407

 ... evaluating constitutive response ......................................

 Piola--Kirchhoff stress       / MPa =
        0.0021        -0.0030        -0.0026
       -0.0035       -84.8410        -0.0009
       -0.0019        -0.0014        84.8407

 ... doing gamma convolution ...............................................

 ... evaluating constitutive response ......................................

 Piola--Kirchhoff stress       / MPa =
        0.0011        -0.0022        -0.0019
       -0.0026       -84.8529        -0.0006
       -0.0012        -0.0011        84.8512

 ... doing gamma convolution ...............................................

 ... reporting .............................................................

 error divergence =         0.95 (4.03E+04 / m, tol =  4.24E+04)
 error stress BC  =         0.03 (2.16E+03 Pa,  tol =  8.49E+04)

 ===========================================================================

 increment 3 converged

 ... saving results ........................................................
 saving solver data required for restart
 saving field and constitutive data required for restart

 ###########################################################################
 Time  2.66667E+02s: Increment 4/15-1/1 of load case 1/1
 Increment 4/15-1/1 @ Iteration 1≤0≤100

 deformation gradient aim       =
   1.0000426   -0.0000061   -0.0000107
   0.0000000    0.9987017    0.0000084
   0.0000000    0.0000000    1.0012555

 ... evaluating constitutive response ......................................

 Piola--Kirchhoff stress       / MPa =
        0.0011         0.0127         0.0079
        0.0120      -113.2623         0.0016
        0.0091         0.0006       113.3299

 ... doing gamma convolution ...............................................

 ... reporting .............................................................

 error divergence =         3.00 (1.70E+05 / m, tol =  5.67E+04)
 error stress BC  =         1.70 (1.93E+05 Pa,  tol =  1.13E+05)

 ===========================================================================
 Increment 4/15-1/1 @ Iteration 1≤1≤100

 deformation gradient aim       =
   1.0000427   -0.0000064   -0.0000108
   0.0000000    0.9987033    0.0000083
   0.0000000    0.0000000    1.0012535

 ... evaluating constitutive response ......................................

 Piola--Kirchhoff stress       / MPa =
        0.0004        -0.0012        -0.0012
       -0.0019      -113.1324        -0.0011
        0.0000        -0.0020       113.1314

 ... doing gamma convolution ...............................................

 ... evaluating constitutive response ......................................

 Piola--Kirchhoff stress       / MPa =
        0.0005        -0.0003        -0.0006
       -0.0010      -113.1410        -0.0009
        0.0006        -0.0018       113.1445

 ... doing gamma convolution ...............................................

 ... reporting .............................................................

 error divergence =         0.72 (4.08E+04 / m, tol =  5.66E+04)
 error stress BC  =         0.07 (7.44E+03 Pa,  tol =  1.13E+05)

 ===========================================================================

 increment 4 converged

 ... saving results ........................................................
 saving solver data required for restart
 saving field and constitutive data required for restart

 ###########################################################################
 Time  3.33333E+02s: Increment 5/15-1/1 of load case 1/1
 Increment 5/15-1/1 @ Iteration 1≤0≤100

 deformation gradient aim       =
   1.0000536   -0.0000080   -0.0000135
   0.0000000    0.9983793    0.0000105
   0.0000000    0.0000000    1.0015662

 ... evaluating constitutive response ......................................

 Piola--Kirchhoff stress       / MPa =
       -0.0122        -0.0348        -0.0964
       -0.0359      -140.8700        -0.1015
       -0.0947        -0.1033       140.9718

 ... doing gamma convolution ...............................................

 ... reporting .............................................................

 error divergence =        40.02 (2.82E+06 / m, tol =  7.05E+04)
 error stress BC  =         3.91 (5.51E+05 Pa,  tol =  1.41E+05)

 ===========================================================================
 Increment 5/15-1/1 @ Iteration 1≤1≤100

 deformation gradient aim       =
   1.0000542   -0.0000073   -0.0000114
   0.0000000    0.9983732    0.0000128
   0.0000000    0.0000000    1.0015713

 ... evaluating constitutive response ......................................

 Piola--Kirchhoff stress       / MPa =
       -0.0064        -0.0124        -0.0370
       -0.0134      -141.2815        -0.0419
       -0.0354        -0.0438       141.2916

 ... doing gamma convolution ...............................................

 ... evaluating constitutive response ......................................

 Piola--Kirchhoff stress       / MPa =
       -0.0041        -0.0028        -0.0123
       -0.0038      -141.4559        -0.0171
       -0.0108        -0.0191       141.4268

 ... doing gamma convolution ...............................................

 ... reporting .............................................................

 error divergence =         7.73 (5.47E+05 / m, tol =  7.07E+04)
 error stress BC  =         0.24 (3.45E+04 Pa,  tol =  1.41E+05)

 ===========================================================================
 Increment 5/15-1/1 @ Iteration 1≤2≤100

 deformation gradient aim       =
   1.0000542   -0.0000069   -0.0000103
   0.0000000    0.9983720    0.0000140
   0.0000000    0.0000000    1.0015726

 ... evaluating constitutive response ......................................

 Piola--Kirchhoff stress       / MPa =
       -0.0008        -0.0033        -0.0037
       -0.0042      -141.4106        -0.0056
       -0.0022        -0.0076       141.4106

 ... doing gamma convolution ...............................................

 ... evaluating constitutive response ......................................

 Piola--Kirchhoff stress       / MPa =
       -0.0002        -0.0022         0.0001
       -0.0032      -141.4273        -0.0015
        0.0015        -0.0035       141.4256

 ... doing gamma convolution ...............................................

 ... reporting .............................................................

 error divergence =         1.69 (1.20E+05 / m, tol =  7.07E+04)
 error stress BC  =         0.04 (5.98E+03 Pa,  tol =  1.41E+05)

 ===========================================================================
 Increment 5/15-1/1 @ Iteration 1≤3≤100

 deformation gradient aim       =
   1.0000543   -0.0000068   -0.0000102
   0.0000000    0.9983719    0.0000142
   0.0000000    0.0000000    1.0015727

 ... evaluating constitutive response ......................................

 Piola--Kirchhoff stress       / MPa =
        0.0003         0.0005         0.0002
       -0.0005      -141.4225        -0.0002
        0.0016        -0.0022       141.4222

 ... doing gamma convolution ...............................................

 ... evaluating constitutive response ......................................

 Piola--Kirchhoff stress       / MPa =
        0.0005         0.0009         0.0005
       -0.0000      -141.4202         0.0005
        0.0019        -0.0016       141.4212

 ... doing gamma convolution ...............................................

 ... reporting .............................................................

 error divergence =         0.36 (2.52E+04 / m, tol =  7.07E+04)
 error stress BC  =         0.01 (1.19E+03 Pa,  tol =  1.41E+05)

 ===========================================================================

 increment 5 converged

 ... saving results ........................................................
 saving solver data required for restart
 saving field and constitutive data required for restart

 ###########################################################################
 Time  4.00000E+02s: Increment 6/15-1/1 of load case 1/1
 Increment 6/15-1/1 @ Iteration 1≤0≤100

 deformation gradient aim       =
   1.0000657   -0.0000072   -0.0000097
   0.0000000    0.9980405    0.0000200
   0.0000000    0.0000000    1.0018918

 ... evaluating constitutive response ......................................

 Piola--Kirchhoff stress       / MPa =
       -0.0320        -0.0802        -0.1826
       -0.0812      -167.9527        -0.2010
       -0.1814        -0.2053       168.0858

 ... doing gamma convolution ...............................................

 ... reporting .............................................................

 error divergence =        93.54 (7.86E+06 / m, tol =  8.40E+04)
 error stress BC  =        10.43 (1.75E+06 Pa,  tol =  1.68E+05)

 ===========================================================================
 Increment 6/15-1/1 @ Iteration 1≤1≤100

 deformation gradient aim       =
   1.0000671   -0.0000054   -0.0000056
   0.0000000    0.9980202    0.0000248
   0.0000000    0.0000000    1.0019105

 ... evaluating constitutive response ......................................

 Piola--Kirchhoff stress       / MPa =
       -0.0056        -0.0371        -0.1040
       -0.0379      -169.1213        -0.0993
       -0.1033        -0.1040       169.1328

 ... doing gamma convolution ...............................................

 ... evaluating constitutive response ......................................

 Piola--Kirchhoff stress       / MPa =
        0.0123        -0.0082        -0.0535
       -0.0089      -169.8849        -0.0333
       -0.0531        -0.0383       169.8149

 ... doing gamma convolution ...............................................

 ... reporting .............................................................

 error divergence =        25.78 (2.19E+06 / m, tol =  8.49E+04)
 error stress BC  =         1.06 (1.79E+05 Pa,  tol =  1.70E+05)

 ===========================================================================
 Increment 6/15-1/1 @ Iteration 1≤2≤100

 deformation gradient aim       =
   1.0000671   -0.0000044   -0.0000020
   0.0000000    0.9980153    0.0000278
   0.0000000    0.0000000    1.0019156

 ... evaluating constitutive response ......................................

 Piola--Kirchhoff stress       / MPa =
       -0.0046        -0.0110        -0.0271
       -0.0117      -169.6527        -0.0308
       -0.0269        -0.0358       169.6527

 ... doing gamma convolution ...............................................

 ... evaluating constitutive response ......................................

 Piola--Kirchhoff stress       / MPa =
       -0.0057        -0.0073        -0.0135
       -0.0079      -169.7138        -0.0202
       -0.0134        -0.0253       169.7177

 ... doing gamma convolution ...............................................

 ... reporting .............................................................

 error divergence =         8.05 (6.83E+05 / m, tol =  8.49E+04)
 error stress BC  =         0.12 (2.02E+04 Pa,  tol =  1.70E+05)

 ===========================================================================
 Increment 6/15-1/1 @ Iteration 1≤3≤100

 deformation gradient aim       =
   1.0000672   -0.0000040   -0.0000011
   0.0000000    0.9980147    0.0000290
   0.0000000    0.0000000    1.0019160

 ... evaluating constitutive response ......................................

 Piola--Kirchhoff stress       / MPa =
        0.0005         0.0006        -0.0044
       -0.0000      -169.7147        -0.0037
       -0.0043        -0.0088       169.7143

 ... doing gamma convolution ...............................................

 ... evaluating constitutive response ......................................

 Piola--Kirchhoff stress       / MPa =
        0.0011         0.0035         0.0021
        0.0029      -169.6982         0.0030
        0.0021        -0.0021       169.7027

 ... doing gamma convolution ...............................................

 ... reporting .............................................................

 error divergence =         2.30 (1.95E+05 / m, tol =  8.49E+04)
 error stress BC  =         0.04 (7.47E+03 Pa,  tol =  1.70E+05)

 ===========================================================================
 Increment 6/15-1/1 @ Iteration 1≤4≤100

 deformation gradient aim       =
   1.0000672   -0.0000041   -0.0000011
   0.0000000    0.9980147    0.0000290
   0.0000000    0.0000000    1.0019160

 ... evaluating constitutive response ......................................

 Piola--Kirchhoff stress       / MPa =
       -0.0012         0.0005        -0.0006
       -0.0001      -169.7049         0.0002
       -0.0005        -0.0049       169.7061

 ... doing gamma convolution ...............................................

 ... evaluating constitutive response ......................................

 Piola--Kirchhoff stress       / MPa =
       -0.0012         0.0007         0.0001
        0.0001      -169.7063         0.0014
        0.0001        -0.0037       169.7066

 ... doing gamma convolution ...............................................

 ... reporting .............................................................

 error divergence =         0.68 (5.74E+04 / m, tol =  8.49E+04)
 error stress BC  =         0.01 (1.44E+03 Pa,  tol =  1.70E+05)

 ===========================================================================

 increment 6 converged

 ... saving results ........................................................
 saving solver data required for restart
 saving field and constitutive data required for restart

 ###########################################################################
 Time  4.66667E+02s: Increment 7/15-1/1 of load case 1/1
 Increment 7/15-1/1 @ Iteration 1≤0≤100

 deformation gradient aim       =
   1.0000802   -0.0000014    0.0000081
   0.0000000    0.9976576    0.0000437
   0.0000000    0.0000000    1.0022592

 ... evaluating constitutive response ......................................

 Piola--Kirchhoff stress       / MPa =
       -0.0043        -0.1771         0.0211
       -0.1770      -195.0246        -0.0144
        0.0194        -0.0229       195.0976

 ... doing gamma convolution ...............................................

 ... reporting .............................................................

 error divergence =        72.90 (7.11E+06 / m, tol =  9.75E+04)
 error stress BC  =        15.20 (2.97E+06 Pa,  tol =  1.95E+05)

 ===========================================================================
 Increment 7/15-1/1 @ Iteration 1≤1≤100

 deformation gradient aim       =
   1.0000817    0.0000028    0.0000076
   0.0000000    0.9976213    0.0000447
   0.0000000    0.0000000    1.0022936

 ... evaluating constitutive response ......................................

 Piola--Kirchhoff stress       / MPa =
        0.0362        -0.0675        -0.0013
       -0.0668      -197.2963         0.0257
       -0.0029         0.0170       197.2567

 ... doing gamma convolution ...............................................

 ... evaluating constitutive response ......................................

 Piola--Kirchhoff stress       / MPa =
        0.0574        -0.0098        -0.0121
       -0.0088      -198.5324         0.0492
       -0.0136         0.0404       198.4313

 ... doing gamma convolution ...............................................

 ... reporting .............................................................

 error divergence =        36.78 (3.65E+06 / m, tol =  9.93E+04)
 error stress BC  =         2.73 (5.43E+05 Pa,  tol =  1.99E+05)

 ===========================================================================
 Increment 7/15-1/1 @ Iteration 1≤2≤100

 deformation gradient aim       =
   1.0000806    0.0000047    0.0000079
   0.0000000    0.9976193    0.0000430
   0.0000000    0.0000000    1.0022969

 ... evaluating constitutive response ......................................

 Piola--Kirchhoff stress       / MPa =
        0.0061        -0.0281        -0.0451
       -0.0269      -197.6964        -0.0318
       -0.0467        -0.0407       197.6877

 ... doing gamma convolution ...............................................

 ... evaluating constitutive response ......................................

 Piola--Kirchhoff stress       / MPa =
        0.0033        -0.0138        -0.0539
       -0.0125      -197.9361        -0.0381
       -0.0555        -0.0470       197.9245

 ... doing gamma convolution ...............................................

 ... reporting .............................................................

 error divergence =        11.50 (1.14E+06 / m, tol =  9.90E+04)
 error stress BC  =         0.33 (6.54E+04 Pa,  tol =  1.98E+05)

 ===========================================================================
 Increment 7/15-1/1 @ Iteration 1≤3≤100

 deformation gradient aim       =
   1.0000806    0.0000056    0.0000101
   0.0000000    0.9976150    0.0000447
   0.0000000    0.0000000    1.0023012

