
 <<<+-  parallelization init  -+>>>

 Open MPI v4.1.6, package: Debian OpenMPI, ident: 4.1.6, repo rev: v4.1.6, Sep 30, 2023
 MPI standard: 3.1
 OpenMP version: 201511

 MPI processes: 1
 Could not get $OMP_NUM_THREADS, using default
 OMP_NUM_THREADS: 4

 <<<+-  CLI init  -+>>>

     _/_/_/      _/_/    _/      _/    _/_/      _/_/_/  _/    _/    _/_/_/
    _/    _/  _/    _/  _/_/  _/_/  _/    _/  _/        _/  _/            _/
   _/    _/  _/_/_/_/  _/  _/  _/  _/_/_/_/    _/_/    _/_/          _/_/
  _/    _/  _/    _/  _/      _/  _/    _/        _/  _/  _/            _/
 _/_/_/    _/    _/  _/      _/  _/    _/  _/_/_/    _/    _/    _/_/_/
 Grid solver

 F. Roters et al., Computational Materials Science 158:420–478, 2019
 https://doi.org/10.1016/j.commatsci.2018.04.030

 S. Balay et al., PETSc/TAO User Manual Revision 3.19
 https://doi.org/10.2172/1968587

 Version: v3.0.1

 Compiled with: GCC version 13.3.0
 Compiled on: Linux-6.8.0-51-generic
 Compiler options: -cpp -I /usr/lib/petscdir/petsc3.19/x86_64-linux-gnu-real/include -I /usr/include/hypre -I /usr/include/suitesparse -I /usr/include/superlu -I /usr/include/superlu-dist -I /usr/include/trilinos -I /usr/include/scotch -I /usr/include/hdf5/openmpi -I /usr/include/hdf5/serial -I /usr/include -I /usr/lib/x86_64-linux-gnu/openmpi/lib/../../fortran/gfortran-mod-15/openmpi -I /usr/lib/x86_64-linux-gnu/openmpi/lib -imultiarch x86_64-linux-gnu -D_REENTRANT -D CMAKE_SYSTEM="Linux-6.8.0-51-generic" -D DAMASKVERSION="v3.0.1" -D FYAML -D GRID -D PETSC --param=l1-cache-size=32 --param=l1-cache-line-size=64 --param=l2-cache-size=512 -mtune=znver2 -mno-omit-leaf-frame-pointer -march=x86-64 -g -O2 -O2 -Wall -Wextra -Wcharacter-truncation -Wunderflow -Wsuggest-attribute=pure -Wsuggest-attribute=noreturn -Wconversion-extra -Wunused-parameter -std=f2018 -fno-omit-frame-pointer -ffile-prefix-map=/build/damask-XEckOy/damask-3.0.1=. -flto=auto -ffat-lto-objects -fstack-protector-strong -fstack-clash-protection -fcf-protection=full -fdebug-prefix-map=/build/damask-XEckOy/damask-3.0.1=/usr/src/damask-3.0.1-6~noble -fopenmp -fPIE -ffree-line-length-none -fimplicit-none -fallow-argument-mismatch -ffpe-summary=all -fpre-include=/usr/include/finclude/x86_64-linux-gnu/math-vector-fortran.h

 Compiled on: Jan 14 2025 at 07:40:31

 PETSc version: 3.19.6

 Date: 14/11/2025
 Time: 23:10:26

 Host name: UT170340
 User name: vincent

 Command line call:      DAMASK_grid --geom /home/vincent/local_Homogenization_for_Damask/projects/template_yield_surface_postprocessing_only/input_files/Polycrystal_25_5x5x5.vti --load /home/vincent/local_Homogenization_for_Damask/projects/template_yield_surface_postprocessing_only/damask_files/yield_surface/shear_xy_yz_q0_0/LOADCASE.yaml --material /home/vincent/local_Homogenization_for_Damask/projects/template_yield_surface_postprocessing_only/input_files/titanium_assigned.yaml --numerics /home/vincent/local_Homogenization_for_Damask/projects/template_yield_surface_postprocessing_only/damask_files/yield_surface/shear_xy_yz_q0_0/NUMERICS.yaml --jobname template_yield_surface_postprocessing_only --workingdirectory /home/vincent/local_Homogenization_for_Damask/projects/template_yield_surface_postprocessing_only/damask_files/yield_surface/shear_xy_yz_q0_0

 Working directory:      /home/vincent/local_Homogenization_for_Damask/projects/template_yield_surface_postprocessing_only/damask_files/yield_surface/shear_xy_yz_q0_0
 Geometry:               ../../../input_files/Polycrystal_25_5x5x5.vti <-- /home/vincent/local_Homogenization_for_Damask/projects/template_yield_surface_postprocessing_only/input_files/Polycrystal_25_5x5x5.vti
 Load case:              LOADCASE.yaml <-- /home/vincent/local_Homogenization_for_Damask/projects/template_yield_surface_postprocessing_only/damask_files/yield_surface/shear_xy_yz_q0_0/LOADCASE.yaml
 Material config:        ../../../input_files/titanium_assigned.yaml <-- /home/vincent/local_Homogenization_for_Damask/projects/template_yield_surface_postprocessing_only/input_files/titanium_assigned.yaml
 Numerics config:        NUMERICS.yaml <-- /home/vincent/local_Homogenization_for_Damask/projects/template_yield_surface_postprocessing_only/damask_files/yield_surface/shear_xy_yz_q0_0/NUMERICS.yaml
 Solver job name:        template_yield_surface_postprocessing_only

 <<<+-  system_routines init  -+>>>

 <<<+-  prec init  -+>>>

 integer size / bit:   32
   maximum value:              2147483647

 real size / bit:      64
   maximum value:      0.180+309
   minimum value:      0.223-307
   epsilon value:      0.222E-15
   decimal precision:  15

 <<<+-  misc init  -+>>>

 <<<+-  IO init  -+>>>

 <<<+-  base64 init  -+>>>

 <<<+-  types init  -+>>>

 <<<+-  YAML init  -+>>>

 libfyaml powered

 <<<+-  HDF5_utilities init  -+>>>

 <<<+-  result init  -+>>>

 M. Diehl et al., Integrating Materials and Manufacturing Innovation 6(1):83–91, 2017
 https://doi.org/10.1007/s40192-017-0084-5

 <<<+-  config init  -+>>>

 reading material configuration

 reading numerics configuration

 <<<+-  math init  -+>>>

 size  of random seed:      8
 value of random seed:      -1263853399 -2054533772   504385425 -1737600383   236844169 -1687011095   293921619   112987556
 start of random sequence: 
                           0.03757557120984
                           0.45776607781525
                           0.22992036666660
                           0.46929150847531

 <<<+-  rotations init  -+>>>

 D. Rowenhorst et al., Modelling and Simulation in Materials Science and Engineering 23:083501, 2015
 https://doi.org/10.1088/0965-0393/23/8/083501

 <<<+-  polynomials init  -+>>>

 <<<+-  tables init  -+>>>

 <<<+-  crystal init  -+>>>

 <<<+-  discretization_grid init  -+>>>

 cells:  5 × 5 × 5
 size:   1.00E-05 × 1.00E-05 × 1.00E-05 m³
 origin:  0.00E+00  0.00E+00  0.00E+00 m

 <<<+-  discretization init  -+>>>

 <<<+-  material init  -+>>>

 parsed material.yaml

 <<<+-  phase init  -+>>>

 phase 1: A

 references:
   - https://www.totalmateria.com/page.aspx?ID=CheckArticle&site=ktn&NM=221
   - https://en.wikipedia.org/wiki/Titanium

 <<<+-  phase:mechanical init  -+>>>

 <<<+-  phase:mechanical:elastic init  -+>>>

 <<<+-  phase:mechanical:elastic:Hooke init  -+>>>

 # phases: 1

 phase 1: A

 references:
   - E.S. Fisher and C.J. Renken, Physical Review 135(2A):A482-A494, 1964,
     https://doi.org/10.1103/PhysRev.135.A482, fit to Tab. IV (T_min=77K, 
     T_max=923K) 

 <<<+-  phase:mechanical:plasticity init  -+>>>

 <<<+-  phase:mechanical:plastic:phenopowerlaw init  -+>>>

 # phases: 1

 phase 1: A

 references:
   - C. Zambaldi et al., Journal of Materials Research 27(1):356-367, 2021,
     https://doi.org/10.1557/jmr.2011.334 
   - L. Wang et al., Acta Materialia 132:598-610, 2017,
     https://doi.org/10.1016/j.actamat.2017.05.015 

 <<<+-  phase:mechanical:eigen init  -+>>>

 <<<+-  phase:damage init  -+>>>

 <<<+-  phase:thermal init  -+>>>

 <<<+-  homogenization init  -+>>>

 <<<+-  homogenization:mechanical init  -+>>>

 <<<+-  homogenization:mechanical:pass init  -+>>>

 # homogenizations: 1

 <<<+-  homogenization:thermal init  -+>>>

 <<<+-  homogenization:damage init  -+>>>

 <<<+-  homogenization:damage:pass init  -+>>>

 <<<+-  materialpoint init  -+>>>

 deallocating material configuration

 <<<+-  DAMASK_grid init  -+>>>

 P. Shanthraj et al., Handbook of Mechanics of Materials, 2019
 https://doi.org/10.1007/978-981-10-6855-3_80

 <<<+-  spectral_utilities init  -+>>>

 M. Diehl, Diploma Thesis TU München, 2010
 https://doi.org/10.13140/2.1.3234.3840

 P. Eisenlohr et al., International Journal of Plasticity 46:37–53, 2013
 https://doi.org/10.1016/j.ijplas.2012.09.012

 P. Shanthraj et al., International Journal of Plasticity 66:31–45, 2015
 https://doi.org/10.1016/j.ijplas.2014.02.006

 P. Shanthraj et al., Handbook of Mechanics of Materials, 2019
 https://doi.org/10.1007/978-981-10-6855-3_80

 M. Frigo and S.G. Johnson, Proceedings of the IEEE 93(2):216–231, 2005
 https://doi.org/10.1109/jproc.2004.840301

 FFTW initialized

 <<<+-  grid_mechanical_spectral_basic init  -+>>>

 P. Eisenlohr et al., International Journal of Plasticity 46:37–53, 2013
 https://doi.org/10.1016/j.ijplas.2012.09.012

 P. Shanthraj et al., International Journal of Plasticity 66:31–45, 2015
 https://doi.org/10.1016/j.ijplas.2014.02.006

 ... evaluating constitutive response ......................................

 Piola--Kirchhoff stress       / MPa =
        0.0000         0.0000         0.0000
        0.0000         0.0000        -0.0000
        0.0000        -0.0000         0.0000

 deallocating numerics configuration

 ... saving initial configuration ..........................................

 load case: 1
  estimate_rate: F
  F:
       x             x             x      
     0.0000000       x             x      
     0.0000000     0.0000000       x      
  P / MPa:
        0.0000        0.0000        0.0000
       x              0.0000      350.0000
       x             x              0.0000
  r: 1 (constant step width)
  t: 1000.000
  N: 15
  f_out: 1
  f_restart: 1

 ###########################################################################
 Time  6.66667E+01s: Increment 1/15-1/1 of load case 1/1
 Increment 1/15-1/1 @ Iteration 1≤0≤100

 deformation gradient aim       =
   1.0000000    0.0000000    0.0000000
   0.0000000    1.0000000    0.0000000
   0.0000000    0.0000000    1.0000000

 ... evaluating constitutive response ......................................

 Piola--Kirchhoff stress       / MPa =
       -0.0000         0.0000         0.0000
        0.0000        -0.0000        -0.0000
        0.0000        -0.0000        -0.0000

 ... doing gamma convolution ...............................................

 ... reporting .............................................................

 error divergence =         1.24 (1.24E-04 / m, tol =  1.00E-04)
 error stress BC  =     23333.33 (2.33E+07 Pa,  tol =  1.00E+03)

 ===========================================================================
 Increment 1/15-1/1 @ Iteration 1≤1≤100

 deformation gradient aim       =
   0.9999971   -0.0000005   -0.0000047
   0.0000000    1.0000007    0.0005137
   0.0000000    0.0000000    1.0000020

 ... evaluating constitutive response ......................................

 Piola--Kirchhoff stress       / MPa =
        0.0101        -0.0001         0.0000
        0.0000         0.0221        23.3333
        0.0000        23.3334         0.0221

 ... doing gamma convolution ...............................................

 ... evaluating constitutive response ......................................

 Piola--Kirchhoff stress       / MPa =
        0.0099        -0.0001         0.0000
        0.0000         0.0215        23.0301
        0.0000        23.0301         0.0216

 ... doing gamma convolution ...............................................

 ... reporting .............................................................

 error divergence =       635.85 (7.32E+06 / m, tol =  1.15E+04)
 error stress BC  =        13.17 (3.03E+05 Pa,  tol =  2.30E+04)

 ===========================================================================
 Increment 1/15-1/1 @ Iteration 1≤2≤100

 deformation gradient aim       =
   0.9999972   -0.0000006   -0.0000048
   0.0000000    1.0000005    0.0005204
   0.0000000    0.0000000    1.0000018

 ... evaluating constitutive response ......................................

 Piola--Kirchhoff stress       / MPa =
        0.0144         0.0345        -0.0380
        0.0346         0.0046        22.9970
       -0.0380        22.9971        -0.0290

 ... doing gamma convolution ...............................................

 ... evaluating constitutive response ......................................

 Piola--Kirchhoff stress       / MPa =
        0.0147         0.0343        -0.0378
        0.0344         0.0053        23.3273
       -0.0377        23.3274        -0.0281

 ... doing gamma convolution ...............................................

 ... reporting .............................................................

 error divergence =        82.77 (9.65E+05 / m, tol =  1.17E+04)
 error stress BC  =         1.62 (3.78E+04 Pa,  tol =  2.33E+04)

 ===========================================================================
 Increment 1/15-1/1 @ Iteration 1≤3≤100

 deformation gradient aim       =
   0.9999968   -0.0000022   -0.0000031
   0.0000000    1.0000004    0.0005279
   0.0000000    0.0000000    1.0000024

 ... evaluating constitutive response ......................................

 Piola--Kirchhoff stress       / MPa =
       -0.0020        -0.0011         0.0070
       -0.0010         0.0046        23.3259
        0.0070        23.3259         0.0007

 ... doing gamma convolution ...............................................

 ... evaluating constitutive response ......................................

 Piola--Kirchhoff stress       / MPa =
       -0.0016         0.0001         0.0055
        0.0002         0.0043        23.3333
        0.0056        23.3334        -0.0007

 ... doing gamma convolution ...............................................

 ... reporting .............................................................

 error divergence =        12.19 (1.42E+05 / m, tol =  1.17E+04)
 error stress BC  =         0.24 (5.54E+03 Pa,  tol =  2.33E+04)

 ===========================================================================
 Increment 1/15-1/1 @ Iteration 1≤4≤100

 deformation gradient aim       =
   0.9999968   -0.0000021   -0.0000034
   0.0000000    1.0000003    0.0005281
   0.0000000    0.0000000    1.0000025

 ... evaluating constitutive response ......................................

 Piola--Kirchhoff stress       / MPa =
       -0.0009         0.0005         0.0001
        0.0006         0.0003        23.3337
        0.0001        23.3337         0.0006

 ... doing gamma convolution ...............................................

 ... evaluating constitutive response ......................................

 Piola--Kirchhoff stress       / MPa =
       -0.0012        -0.0001         0.0007
        0.0000         0.0002        23.3333
        0.0007        23.3334         0.0010

 ... doing gamma convolution ...............................................

 ... reporting .............................................................

 error divergence =         1.57 (1.83E+04 / m, tol =  1.17E+04)
 error stress BC  =         0.05 (1.19E+03 Pa,  tol =  2.33E+04)

 ===========================================================================
 Increment 1/15-1/1 @ Iteration 1≤5≤100

 deformation gradient aim       =
   0.9999968   -0.0000022   -0.0000034
   0.0000000    1.0000003    0.0005281
   0.0000000    0.0000000    1.0000024

 ... evaluating constitutive response ......................................

 Piola--Kirchhoff stress       / MPa =
       -0.0000        -0.0000         0.0001
        0.0001        -0.0000        23.3334
        0.0001        23.3334         0.0001

 ... doing gamma convolution ...............................................

 ... evaluating constitutive response ......................................

 Piola--Kirchhoff stress       / MPa =
       -0.0000        -0.0000         0.0000
        0.0001        -0.0001        23.3333
        0.0001        23.3334         0.0001

 ... doing gamma convolution ...............................................

 ... reporting .............................................................

 error divergence =         0.21 (2.49E+03 / m, tol =  1.17E+04)
 error stress BC  =         0.00 (9.71E+01 Pa,  tol =  2.33E+04)

 ===========================================================================

 increment 1 converged

 ... saving results ........................................................
 saving solver data required for restart
 saving field and constitutive data required for restart

 ###########################################################################
 Time  1.33333E+02s: Increment 2/15-1/1 of load case 1/1
 Increment 2/15-1/1 @ Iteration 1≤0≤100

 deformation gradient aim       =
   0.9999937   -0.0000043   -0.0000069
   0.0000000    1.0000006    0.0010562
   0.0000000    0.0000000    1.0000049

 ... evaluating constitutive response ......................................

 Piola--Kirchhoff stress       / MPa =
       -0.0207        -0.0675         0.0618
       -0.0672        -0.0142        47.2757
        0.0620        47.2758         0.0599

 ... doing gamma convolution ...............................................

 ... reporting .............................................................

 error divergence =         8.48 (2.01E+05 / m, tol =  2.36E+04)
 error stress BC  =        12.88 (6.09E+05 Pa,  tol =  4.73E+04)

 ===========================================================================
 Increment 2/15-1/1 @ Iteration 1≤1≤100

 deformation gradient aim       =
   0.9999941   -0.0000027   -0.0000081
   0.0000000    1.0000008    0.0010428
   0.0000000    0.0000000    1.0000042

 ... evaluating constitutive response ......................................

 Piola--Kirchhoff stress       / MPa =
        0.0003         0.0018        -0.0017
        0.0021        -0.0007        46.6575
       -0.0016        46.6576        -0.0027

 ... doing gamma convolution ...............................................

 ... evaluating constitutive response ......................................

 Piola--Kirchhoff stress       / MPa =
       -0.0005        -0.0011         0.0009
       -0.0007        -0.0013        46.6830
        0.0011        46.6832        -0.0002

 ... doing gamma convolution ...............................................

 ... reporting .............................................................

 error divergence =         8.05 (1.88E+05 / m, tol =  2.33E+04)
 error stress BC  =         0.35 (1.64E+04 Pa,  tol =  4.67E+04)

 ===========================================================================
 Increment 2/15-1/1 @ Iteration 1≤2≤100

 deformation gradient aim       =
   0.9999940   -0.0000027   -0.0000081
   0.0000000    1.0000008    0.0010426
   0.0000000    0.0000000    1.0000042

 ... evaluating constitutive response ......................................

 Piola--Kirchhoff stress       / MPa =
       -0.0011        -0.0018         0.0018
       -0.0014        -0.0002        46.6752
        0.0019        46.6753         0.0015

 ... doing gamma convolution ...............................................

 ... evaluating constitutive response ......................................

 Piola--Kirchhoff stress       / MPa =
       -0.0008        -0.0008         0.0009
       -0.0004        -0.0001        46.6669
        0.0011        46.6671         0.0006

 ... doing gamma convolution ...............................................

 ... reporting .............................................................

 error divergence =         1.11 (2.59E+04 / m, tol =  2.33E+04)
 error stress BC  =         0.02 (9.30E+02 Pa,  tol =  4.67E+04)

 ===========================================================================
 Increment 2/15-1/1 @ Iteration 1≤3≤100

 deformation gradient aim       =
   0.9999941   -0.0000027   -0.0000082
   0.0000000    1.0000008    0.0010424
   0.0000000    0.0000000    1.0000042

 ... evaluating constitutive response ......................................

 Piola--Kirchhoff stress       / MPa =
        0.0000         0.0000        -0.0001
        0.0004        -0.0001        46.6670
        0.0000        46.6672         0.0000

 ... doing gamma convolution ...............................................

 ... evaluating constitutive response ......................................

 Piola--Kirchhoff stress       / MPa =
        0.0000         0.0000        -0.0001
        0.0004        -0.0001        46.6667
        0.0000        46.6668         0.0000

 ... doing gamma convolution ...............................................

 ... reporting .............................................................

 error divergence =         0.15 (3.58E+03 / m, tol =  2.33E+04)
 error stress BC  =         0.00 (1.20E+02 Pa,  tol =  4.67E+04)

 ===========================================================================

 increment 2 converged

 ... saving results ........................................................
 saving solver data required for restart
 saving field and constitutive data required for restart

 ###########################################################################
 Time  2.00000E+02s: Increment 3/15-1/1 of load case 1/1
 Increment 3/15-1/1 @ Iteration 1≤0≤100

 deformation gradient aim       =
   0.9999913   -0.0000032   -0.0000129
   0.0000000    1.0000013    0.0015568
   0.0000000    0.0000000    1.0000060

 ... evaluating constitutive response ......................................

 Piola--Kirchhoff stress       / MPa =
        0.0446         0.0372        -0.0343
        0.0381         0.0779        69.6628
       -0.0341        69.6630         0.0373

 ... doing gamma convolution ...............................................

 ... reporting .............................................................

 error divergence =         3.14 (1.09E+05 / m, tol =  3.48E+04)
 error stress BC  =         4.84 (3.37E+05 Pa,  tol =  6.97E+04)

 ===========================================================================
 Increment 3/15-1/1 @ Iteration 1≤1≤100

 deformation gradient aim       =
   0.9999912   -0.0000041   -0.0000122
   0.0000000    1.0000009    0.0015642
   0.0000000    0.0000000    1.0000060

 ... evaluating constitutive response ......................................

 Piola--Kirchhoff stress       / MPa =
        0.0001        -0.0010         0.0009
       -0.0001         0.0003        70.0050
        0.0012        70.0053         0.0012

 ... doing gamma convolution ...............................................

 ... evaluating constitutive response ......................................

 Piola--Kirchhoff stress       / MPa =
        0.0019         0.0006        -0.0005
        0.0014         0.0034        69.9912
       -0.0003        69.9915         0.0027

 ... doing gamma convolution ...............................................

 ... reporting .............................................................

 error divergence =         2.96 (1.04E+05 / m, tol =  3.50E+04)
 error stress BC  =         0.13 (8.83E+03 Pa,  tol =  7.00E+04)

 ===========================================================================
 Increment 3/15-1/1 @ Iteration 1≤2≤100

 deformation gradient aim       =
   0.9999912   -0.0000041   -0.0000122
   0.0000000    1.0000009    0.0015643
   0.0000000    0.0000000    1.0000060

 ... evaluating constitutive response ......................................

 Piola--Kirchhoff stress       / MPa =
        0.0002         0.0010        -0.0010
        0.0018         0.0003        69.9953
       -0.0007        69.9957        -0.0006

 ... doing gamma convolution ...............................................

 ... evaluating constitutive response ......................................

 Piola--Kirchhoff stress       / MPa =
       -0.0004         0.0004        -0.0005
        0.0013        -0.0006        69.9998
       -0.0002        70.0002        -0.0010

 ... doing gamma convolution ...............................................

 ... reporting .............................................................

 error divergence =         0.41 (1.43E+04 / m, tol =  3.50E+04)
 error stress BC  =         0.01 (1.04E+03 Pa,  tol =  7.00E+04)

 ===========================================================================

 increment 3 converged

 ... saving results ........................................................
 saving solver data required for restart
 saving field and constitutive data required for restart

 ###########################################################################
 Time  2.66667E+02s: Increment 4/15-1/1 of load case 1/1
 Increment 4/15-1/1 @ Iteration 1≤0≤100

 deformation gradient aim       =
   0.9999883   -0.0000055   -0.0000162
   0.0000000    1.0000009    0.0020863
   0.0000000    0.0000000    1.0000078

 ... evaluating constitutive response ......................................

 Piola--Kirchhoff stress       / MPa =
        0.0171        -0.0040         0.0038
       -0.0024         0.0387        93.3676
        0.0043        93.3681         0.0432

 ... doing gamma convolution ...............................................

 ... reporting .............................................................

 error divergence =         0.76 (3.54E+04 / m, tol =  4.67E+04)
 error stress BC  =         0.46 (4.32E+04 Pa,  tol =  9.34E+04)

 ===========================================================================
 Increment 4/15-1/1 @ Iteration 1≤1≤100

 deformation gradient aim       =
   0.9999884   -0.0000054   -0.0000163
   0.0000000    1.0000007    0.0020856
   0.0000000    0.0000000    1.0000076

 ... evaluating constitutive response ......................................

 Piola--Kirchhoff stress       / MPa =
        0.0001         0.0001         0.0000
        0.0016         0.0001        93.3323
        0.0005        93.3330        -0.0003

 ... doing gamma convolution ...............................................

 ... evaluating constitutive response ......................................

 Piola--Kirchhoff stress       / MPa =
        0.0009        -0.0001         0.0002
        0.0015         0.0017        93.3338
        0.0007        93.3345         0.0015

 ... doing gamma convolution ...............................................

 ... reporting .............................................................

 error divergence =         0.22 (1.02E+04 / m, tol =  4.67E+04)
 error stress BC  =         0.02 (1.75E+03 Pa,  tol =  9.33E+04)

 ===========================================================================

 increment 4 converged

 ... saving results ........................................................
 saving solver data required for restart
 saving field and constitutive data required for restart

 ###########################################################################
 Time  3.33333E+02s: Increment 5/15-1/1 of load case 1/1
 Increment 5/15-1/1 @ Iteration 1≤0≤100

 deformation gradient aim       =
   0.9999856   -0.0000067   -0.0000204
   0.0000000    1.0000006    0.0026068
   0.0000000    0.0000000    1.0000092

 ... evaluating constitutive response ......................................

 Piola--Kirchhoff stress       / MPa =
        0.0216        -0.0060        -0.0038
       -0.0036         0.0498       116.6268
       -0.0030       116.6277         0.0379

 ... doing gamma convolution ...............................................

 ... reporting .............................................................

 error divergence =         3.82 (2.23E+05 / m, tol =  5.83E+04)
 error stress BC  =         0.43 (4.98E+04 Pa,  tol =  1.17E+05)

 ===========================================================================
 Increment 5/15-1/1 @ Iteration 1≤1≤100

 deformation gradient aim       =
   0.9999857   -0.0000066   -0.0000203
   0.0000000    1.0000003    0.0026077
   0.0000000    0.0000000    1.0000091

 ... evaluating constitutive response ......................................

 Piola--Kirchhoff stress       / MPa =
       -0.0010        -0.0000        -0.0000
        0.0023         0.0010       116.6623
        0.0007       116.6634        -0.0000

 ... doing gamma convolution ...............................................

 ... evaluating constitutive response ......................................

 Piola--Kirchhoff stress       / MPa =
       -0.0040         0.0008         0.0005
        0.0032        -0.0056       116.6672
        0.0012       116.6682        -0.0050

 ... doing gamma convolution ...............................................

 ... reporting .............................................................

 error divergence =         0.54 (3.16E+04 / m, tol =  5.83E+04)
 error stress BC  =         0.05 (5.57E+03 Pa,  tol =  1.17E+05)

 ===========================================================================

 increment 5 converged

 ... saving results ........................................................
 saving solver data required for restart
 saving field and constitutive data required for restart

 ###########################################################################
 Time  4.00000E+02s: Increment 6/15-1/1 of load case 1/1
 Increment 6/15-1/1 @ Iteration 1≤0≤100

 deformation gradient aim       =
   0.9999830   -0.0000078   -0.0000244
   0.0000000    1.0000000    0.0031299
   0.0000000    0.0000000    1.0000106

 ... evaluating constitutive response ......................................

 Piola--Kirchhoff stress       / MPa =
        0.0320        -0.0908        -0.0425
       -0.0875         0.1171       139.5541
       -0.0414       139.5557        -0.0216

 ... doing gamma convolution ...............................................

 ... reporting .............................................................

 error divergence =        39.77 (2.78E+06 / m, tol =  6.98E+04)
 error stress BC  =         3.19 (4.46E+05 Pa,  tol =  1.40E+05)

 ===========================================================================
 Increment 6/15-1/1 @ Iteration 1≤1≤100

 deformation gradient aim       =
   0.9999829   -0.0000057   -0.0000235
   0.0000000    0.9999990    0.0031398
   0.0000000    0.0000000    1.0000112

 ... evaluating constitutive response ......................................

 Piola--Kirchhoff stress       / MPa =
        0.0027        -0.0147        -0.0154
       -0.0115         0.0187       139.8399
       -0.0145       139.8417        -0.0247

 ... doing gamma convolution ...............................................

 ... evaluating constitutive response ......................................

 Piola--Kirchhoff stress       / MPa =
       -0.0120         0.0228        -0.0021
        0.0260        -0.0303       139.9799
       -0.0014       139.9818        -0.0268

 ... doing gamma convolution ...............................................

 ... reporting .............................................................

 error divergence =         7.68 (5.37E+05 / m, tol =  7.00E+04)
 error stress BC  =         0.22 (3.03E+04 Pa,  tol =  1.40E+05)

 ===========================================================================
 Increment 6/15-1/1 @ Iteration 1≤2≤100

 deformation gradient aim       =
   0.9999828   -0.0000059   -0.0000231
   0.0000000    0.9999989    0.0031438
   0.0000000    0.0000000    1.0000115

 ... evaluating constitutive response ......................................

 Piola--Kirchhoff stress       / MPa =
       -0.0042        -0.0034         0.0028
       -0.0002         0.0042       139.9932
        0.0035       139.9950         0.0006

 ... doing gamma convolution ...............................................

 ... evaluating constitutive response ......................................

 Piola--Kirchhoff stress       / MPa =
       -0.0056         0.0000         0.0041
        0.0033        -0.0003       140.0073
        0.0048       140.0091         0.0006

 ... doing gamma convolution ...............................................

 ... reporting .............................................................

 error divergence =         1.65 (1.15E+05 / m, tol =  7.00E+04)
 error stress BC  =         0.05 (7.32E+03 Pa,  tol =  1.40E+05)

 ===========================================================================
 Increment 6/15-1/1 @ Iteration 1≤3≤100

 deformation gradient aim       =
   0.9999829   -0.0000058   -0.0000233
   0.0000000    0.9999989    0.0031437
   0.0000000    0.0000000    1.0000115

 ... evaluating constitutive response ......................................

 Piola--Kirchhoff stress       / MPa =
       -0.0002         0.0007         0.0004
        0.0039         0.0001       140.0000
        0.0011       140.0018         0.0001

 ... doing gamma convolution ...............................................

 ... evaluating constitutive response ......................................

 Piola--Kirchhoff stress       / MPa =
        0.0007        -0.0001         0.0001
        0.0032         0.0012       139.9995
        0.0008       140.0013         0.0009

 ... doing gamma convolution ...............................................

 ... reporting .............................................................

 error divergence =         0.28 (1.98E+04 / m, tol =  7.00E+04)
 error stress BC  =         0.01 (1.22E+03 Pa,  tol =  1.40E+05)

 ===========================================================================

 increment 6 converged

 ... saving results ........................................................
 saving solver data required for restart
 saving field and constitutive data required for restart

 ###########################################################################
 Time  4.66667E+02s: Increment 7/15-1/1 of load case 1/1
 Increment 7/15-1/1 @ Iteration 1≤0≤100

 deformation gradient aim       =
   0.9999802   -0.0000050   -0.0000263
   0.0000000    0.9999974    0.0036798
   0.0000000    0.0000000    1.0000139

 ... evaluating constitutive response ......................................

 Piola--Kirchhoff stress       / MPa =
       -0.0098        -0.1854        -0.1081
       -0.1815         0.2340       161.9923
       -0.1072       161.9951        -0.0429

 ... doing gamma convolution ...............................................

 ... reporting .............................................................

 error divergence =        75.58 (6.12E+06 / m, tol =  8.10E+04)
 error stress BC  =         8.28 (1.34E+06 Pa,  tol =  1.62E+05)

 ===========================================================================
 Increment 7/15-1/1 @ Iteration 1≤1≤100

 deformation gradient aim       =
   0.9999807   -0.0000005   -0.0000241
   0.0000000    0.9999951    0.0037105
   0.0000000    0.0000000    1.0000150

 ... evaluating constitutive response ......................................

 Piola--Kirchhoff stress       / MPa =
        0.0075        -0.0219        -0.0482
       -0.0182         0.0327       162.8536
       -0.0481       162.8571        -0.0513

 ... doing gamma convolution ...............................................

 ... evaluating constitutive response ......................................

 Piola--Kirchhoff stress       / MPa =
        0.0192         0.0917        -0.0071
        0.0954        -0.1081       163.4475
       -0.0076       163.4514        -0.0577

 ... doing gamma convolution ...............................................

 ... reporting .............................................................

 error divergence =        20.62 (1.69E+06 / m, tol =  8.17E+04)
 error stress BC  =         0.70 (1.14E+05 Pa,  tol =  1.63E+05)

 ===========================================================================
 Increment 7/15-1/1 @ Iteration 1≤2≤100

 deformation gradient aim       =
   0.9999799   -0.0000021   -0.0000228
   0.0000000    0.9999955    0.0037188
   0.0000000    0.0000000    1.0000158

 ... evaluating constitutive response ......................................

 Piola--Kirchhoff stress       / MPa =
       -0.0070        -0.0154        -0.0025
       -0.0117         0.0155       163.2718
       -0.0026       163.2754        -0.0087

 ... doing gamma convolution ...............................................

 ... evaluating constitutive response ......................................

 Piola--Kirchhoff stress       / MPa =
       -0.0085        -0.0096         0.0047
       -0.0060         0.0079       163.3440
        0.0045       163.3476        -0.0040

 ... doing gamma convolution ...............................................

 ... reporting .............................................................

 error divergence =         5.89 (4.81E+05 / m, tol =  8.17E+04)
 error stress BC  =         0.07 (1.07E+04 Pa,  tol =  1.63E+05)

 ===========================================================================
 Increment 7/15-1/1 @ Iteration 1≤3≤100

 deformation gradient aim       =
   0.9999801   -0.0000015   -0.0000229
   0.0000000    0.9999952    0.0037200
   0.0000000    0.0000000    1.0000159

 ... evaluating constitutive response ......................................

 Piola--Kirchhoff stress       / MPa =
        0.0017         0.0021         0.0011
        0.0057        -0.0012       163.3365
        0.0010       163.3401        -0.0002

 ... doing gamma convolution ...............................................

 ... evaluating constitutive response ......................................

 Piola--Kirchhoff stress       / MPa =
        0.0029         0.0003         0.0008
        0.0040         0.0023       163.3278
        0.0006       163.3314         0.0035

 ... doing gamma convolution ...............................................

 ... reporting .............................................................

 error divergence =         1.30 (1.06E+05 / m, tol =  8.17E+04)
 error stress BC  =         0.03 (5.49E+03 Pa,  tol =  1.63E+05)

 ===========================================================================
 Increment 7/15-1/1 @ Iteration 1≤4≤100

 deformation gradient aim       =
   0.9999801   -0.0000016   -0.0000230
   0.0000000    0.9999952    0.0037201
   0.0000000    0.0000000    1.0000159

 ... evaluating constitutive response ......................................

 Piola--Kirchhoff stress       / MPa =
       -0.0002        -0.0006         0.0001
        0.0030        -0.0002       163.3339
       -0.0001       163.3375         0.0002

 ... doing gamma convolution ...............................................

 ... evaluating constitutive response ......................................

 Piola--Kirchhoff stress       / MPa =
        0.0001        -0.0001        -0.0004
        0.0035        -0.0012       163.3343
       -0.0005       163.3379         0.0000

 ... doing gamma convolution ...............................................

 ... reporting .............................................................

 error divergence =         0.32 (2.58E+04 / m, tol =  8.17E+04)
 error stress BC  =         0.01 (1.20E+03 Pa,  tol =  1.63E+05)

 ===========================================================================

 increment 7 converged

 ... saving results ........................................................
 saving solver data required for restart
 saving field and constitutive data required for restart

 ###########################################################################
 Time  5.33333E+02s: Increment 8/15-1/1 of load case 1/1
 Increment 8/15-1/1 @ Iteration 1≤0≤100

 deformation gradient aim       =
   0.9999772    0.0000028   -0.0000226
   0.0000000    0.9999916    0.0042963
   0.0000000    0.0000000    1.0000203

 ... evaluating constitutive response ......................................

 Piola--Kirchhoff stress       / MPa =
       -0.2673        -0.0276        -0.0069
       -0.0234         0.3480       184.4292
       -0.0074       184.4337         0.1638

 ... doing gamma convolution ...............................................

 ... reporting .............................................................

 error divergence =        55.21 (5.09E+06 / m, tol =  9.22E+04)
 error stress BC  =        12.13 (2.24E+06 Pa,  tol =  1.84E+05)

 ===========================================================================
 Increment 8/15-1/1 @ Iteration 1≤1≤100

 deformation gradient aim       =
   0.9999809    0.0000035   -0.0000228
   0.0000000    0.9999879    0.0043495
   0.0000000    0.0000000    1.0000193

