
 <<<+-  parallelization init  -+>>>

 Open MPI v4.1.6, package: Debian OpenMPI, ident: 4.1.6, repo rev: v4.1.6, Sep 30, 2023
 MPI standard: 3.1
 OpenMP version: 201511

 MPI processes: 1
 Could not get $OMP_NUM_THREADS, using default
 OMP_NUM_THREADS: 4

 <<<+-  CLI init  -+>>>

     _/_/_/      _/_/    _/      _/    _/_/      _/_/_/  _/    _/    _/_/_/
    _/    _/  _/    _/  _/_/  _/_/  _/    _/  _/        _/  _/            _/
   _/    _/  _/_/_/_/  _/  _/  _/  _/_/_/_/    _/_/    _/_/          _/_/
  _/    _/  _/    _/  _/      _/  _/    _/        _/  _/  _/            _/
 _/_/_/    _/    _/  _/      _/  _/    _/  _/_/_/    _/    _/    _/_/_/
 Grid solver

 F. Roters et al., Computational Materials Science 158:420–478, 2019
 https://doi.org/10.1016/j.commatsci.2018.04.030

 S. Balay et al., PETSc/TAO User Manual Revision 3.19
 https://doi.org/10.2172/1968587

 Version: v3.0.1

 Compiled with: GCC version 13.3.0
 Compiled on: Linux-6.8.0-51-generic
 Compiler options: -cpp -I /usr/lib/petscdir/petsc3.19/x86_64-linux-gnu-real/include -I /usr/include/hypre -I /usr/include/suitesparse -I /usr/include/superlu -I /usr/include/superlu-dist -I /usr/include/trilinos -I /usr/include/scotch -I /usr/include/hdf5/openmpi -I /usr/include/hdf5/serial -I /usr/include -I /usr/lib/x86_64-linux-gnu/openmpi/lib/../../fortran/gfortran-mod-15/openmpi -I /usr/lib/x86_64-linux-gnu/openmpi/lib -imultiarch x86_64-linux-gnu -D_REENTRANT -D CMAKE_SYSTEM="Linux-6.8.0-51-generic" -D DAMASKVERSION="v3.0.1" -D FYAML -D GRID -D PETSC --param=l1-cache-size=32 --param=l1-cache-line-size=64 --param=l2-cache-size=512 -mtune=znver2 -mno-omit-leaf-frame-pointer -march=x86-64 -g -O2 -O2 -Wall -Wextra -Wcharacter-truncation -Wunderflow -Wsuggest-attribute=pure -Wsuggest-attribute=noreturn -Wconversion-extra -Wunused-parameter -std=f2018 -fno-omit-frame-pointer -ffile-prefix-map=/build/damask-XEckOy/damask-3.0.1=. -flto=auto -ffat-lto-objects -fstack-protector-strong -fstack-clash-protection -fcf-protection=full -fdebug-prefix-map=/build/damask-XEckOy/damask-3.0.1=/usr/src/damask-3.0.1-6~noble -fopenmp -fPIE -ffree-line-length-none -fimplicit-none -fallow-argument-mismatch -ffpe-summary=all -fpre-include=/usr/include/finclude/x86_64-linux-gnu/math-vector-fortran.h

 Compiled on: Jan 14 2025 at 07:40:31

 PETSc version: 3.19.6

 Date: 14/11/2025
 Time: 23:09:05

 Host name: UT170340
 User name: vincent

 Command line call:      DAMASK_grid --geom /home/vincent/local_Homogenization_for_Damask/projects/template_yield_surface_postprocessing_only/input_files/Polycrystal_25_5x5x5.vti --load /home/vincent/local_Homogenization_for_Damask/projects/template_yield_surface_postprocessing_only/damask_files/yield_surface/shear_xy_xz_q1_0/LOADCASE.yaml --material /home/vincent/local_Homogenization_for_Damask/projects/template_yield_surface_postprocessing_only/input_files/titanium_assigned.yaml --numerics /home/vincent/local_Homogenization_for_Damask/projects/template_yield_surface_postprocessing_only/damask_files/yield_surface/shear_xy_xz_q1_0/NUMERICS.yaml --jobname template_yield_surface_postprocessing_only --workingdirectory /home/vincent/local_Homogenization_for_Damask/projects/template_yield_surface_postprocessing_only/damask_files/yield_surface/shear_xy_xz_q1_0

 Working directory:      /home/vincent/local_Homogenization_for_Damask/projects/template_yield_surface_postprocessing_only/damask_files/yield_surface/shear_xy_xz_q1_0
 Geometry:               ../../../input_files/Polycrystal_25_5x5x5.vti <-- /home/vincent/local_Homogenization_for_Damask/projects/template_yield_surface_postprocessing_only/input_files/Polycrystal_25_5x5x5.vti
 Load case:              LOADCASE.yaml <-- /home/vincent/local_Homogenization_for_Damask/projects/template_yield_surface_postprocessing_only/damask_files/yield_surface/shear_xy_xz_q1_0/LOADCASE.yaml
 Material config:        ../../../input_files/titanium_assigned.yaml <-- /home/vincent/local_Homogenization_for_Damask/projects/template_yield_surface_postprocessing_only/input_files/titanium_assigned.yaml
 Numerics config:        NUMERICS.yaml <-- /home/vincent/local_Homogenization_for_Damask/projects/template_yield_surface_postprocessing_only/damask_files/yield_surface/shear_xy_xz_q1_0/NUMERICS.yaml
 Solver job name:        template_yield_surface_postprocessing_only

 <<<+-  system_routines init  -+>>>

 <<<+-  prec init  -+>>>

 integer size / bit:   32
   maximum value:              2147483647

 real size / bit:      64
   maximum value:      0.180+309
   minimum value:      0.223-307
   epsilon value:      0.222E-15
   decimal precision:  15

 <<<+-  misc init  -+>>>

 <<<+-  IO init  -+>>>

 <<<+-  base64 init  -+>>>

 <<<+-  types init  -+>>>

 <<<+-  YAML init  -+>>>

 libfyaml powered

 <<<+-  HDF5_utilities init  -+>>>

 <<<+-  result init  -+>>>

 M. Diehl et al., Integrating Materials and Manufacturing Innovation 6(1):83–91, 2017
 https://doi.org/10.1007/s40192-017-0084-5

 <<<+-  config init  -+>>>

 reading material configuration

 reading numerics configuration

 <<<+-  math init  -+>>>

 size  of random seed:      8
 value of random seed:      -1772788480   567672038  1336800100  -879905855 -1482930963 -1791532161     2875896  1134653999
 start of random sequence: 
                           0.66118446699652
                           0.02130564676311
                           0.64576040540234
                           0.35762345699445

 <<<+-  rotations init  -+>>>

 D. Rowenhorst et al., Modelling and Simulation in Materials Science and Engineering 23:083501, 2015
 https://doi.org/10.1088/0965-0393/23/8/083501

 <<<+-  polynomials init  -+>>>

 <<<+-  tables init  -+>>>

 <<<+-  crystal init  -+>>>

 <<<+-  discretization_grid init  -+>>>

 cells:  5 × 5 × 5
 size:   1.00E-05 × 1.00E-05 × 1.00E-05 m³
 origin:  0.00E+00  0.00E+00  0.00E+00 m

 <<<+-  discretization init  -+>>>

 <<<+-  material init  -+>>>

 parsed material.yaml

 <<<+-  phase init  -+>>>

 phase 1: A

 references:
   - https://www.totalmateria.com/page.aspx?ID=CheckArticle&site=ktn&NM=221
   - https://en.wikipedia.org/wiki/Titanium

 <<<+-  phase:mechanical init  -+>>>

 <<<+-  phase:mechanical:elastic init  -+>>>

 <<<+-  phase:mechanical:elastic:Hooke init  -+>>>

 # phases: 1

 phase 1: A

 references:
   - E.S. Fisher and C.J. Renken, Physical Review 135(2A):A482-A494, 1964,
     https://doi.org/10.1103/PhysRev.135.A482, fit to Tab. IV (T_min=77K, 
     T_max=923K) 

 <<<+-  phase:mechanical:plasticity init  -+>>>

 <<<+-  phase:mechanical:plastic:phenopowerlaw init  -+>>>

 # phases: 1

 phase 1: A

 references:
   - C. Zambaldi et al., Journal of Materials Research 27(1):356-367, 2021,
     https://doi.org/10.1557/jmr.2011.334 
   - L. Wang et al., Acta Materialia 132:598-610, 2017,
     https://doi.org/10.1016/j.actamat.2017.05.015 

 <<<+-  phase:mechanical:eigen init  -+>>>

 <<<+-  phase:damage init  -+>>>

 <<<+-  phase:thermal init  -+>>>

 <<<+-  homogenization init  -+>>>

 <<<+-  homogenization:mechanical init  -+>>>

 <<<+-  homogenization:mechanical:pass init  -+>>>

 # homogenizations: 1

 <<<+-  homogenization:thermal init  -+>>>

 <<<+-  homogenization:damage init  -+>>>

 <<<+-  homogenization:damage:pass init  -+>>>

 <<<+-  materialpoint init  -+>>>

 deallocating material configuration

 <<<+-  DAMASK_grid init  -+>>>

 P. Shanthraj et al., Handbook of Mechanics of Materials, 2019
 https://doi.org/10.1007/978-981-10-6855-3_80

 <<<+-  spectral_utilities init  -+>>>

 M. Diehl, Diploma Thesis TU München, 2010
 https://doi.org/10.13140/2.1.3234.3840

 P. Eisenlohr et al., International Journal of Plasticity 46:37–53, 2013
 https://doi.org/10.1016/j.ijplas.2012.09.012

 P. Shanthraj et al., International Journal of Plasticity 66:31–45, 2015
 https://doi.org/10.1016/j.ijplas.2014.02.006

 P. Shanthraj et al., Handbook of Mechanics of Materials, 2019
 https://doi.org/10.1007/978-981-10-6855-3_80

 M. Frigo and S.G. Johnson, Proceedings of the IEEE 93(2):216–231, 2005
 https://doi.org/10.1109/jproc.2004.840301

 FFTW initialized

 <<<+-  grid_mechanical_spectral_basic init  -+>>>

 P. Eisenlohr et al., International Journal of Plasticity 46:37–53, 2013
 https://doi.org/10.1016/j.ijplas.2012.09.012

 P. Shanthraj et al., International Journal of Plasticity 66:31–45, 2015
 https://doi.org/10.1016/j.ijplas.2014.02.006

 ... evaluating constitutive response ......................................

 Piola--Kirchhoff stress       / MPa =
        0.0000         0.0000         0.0000
        0.0000         0.0000        -0.0000
        0.0000        -0.0000         0.0000

 deallocating numerics configuration

 ... saving initial configuration ..........................................

 load case: 1
  estimate_rate: F
  F:
       x             x             x      
     0.0000000       x             x      
     0.0000000     0.0000000       x      
  P / MPa:
        0.0000        0.0000      350.0000
       x              0.0000        0.0000
       x             x              0.0000
  r: 1 (constant step width)
  t: 1000.000
  N: 15
  f_out: 1
  f_restart: 1

 ###########################################################################
 Time  6.66667E+01s: Increment 1/15-1/1 of load case 1/1
 Increment 1/15-1/1 @ Iteration 1≤0≤100

 deformation gradient aim       =
   1.0000000    0.0000000    0.0000000
   0.0000000    1.0000000    0.0000000
   0.0000000    0.0000000    1.0000000

 ... evaluating constitutive response ......................................

 Piola--Kirchhoff stress       / MPa =
       -0.0000         0.0000         0.0000
        0.0000        -0.0000        -0.0000
        0.0000        -0.0000        -0.0000

 ... doing gamma convolution ...............................................

 ... reporting .............................................................

 error divergence =         1.24 (1.24E-04 / m, tol =  1.00E-04)
 error stress BC  =     23333.33 (2.33E+07 Pa,  tol =  1.00E+03)

 ===========================================================================
 Increment 1/15-1/1 @ Iteration 1≤1≤100

 deformation gradient aim       =
   0.9999999    0.0000012    0.0005252
   0.0000000    1.0000017   -0.0000047
   0.0000000    0.0000000    0.9999985

 ... evaluating constitutive response ......................................

 Piola--Kirchhoff stress       / MPa =
        0.0229         0.0000        23.3334
       -0.0001         0.0105        -0.0000
       23.3333        -0.0000         0.0231

 ... doing gamma convolution ...............................................

 ... evaluating constitutive response ......................................

 Piola--Kirchhoff stress       / MPa =
        0.0223         0.0000        23.0551
       -0.0001         0.0103        -0.0000
       23.0550        -0.0000         0.0226

 ... doing gamma convolution ...............................................

 ... reporting .............................................................

 error divergence =       649.31 (7.48E+06 / m, tol =  1.15E+04)
 error stress BC  =        12.07 (2.78E+05 Pa,  tol =  2.31E+04)

 ===========================================================================
 Increment 1/15-1/1 @ Iteration 1≤2≤100

 deformation gradient aim       =
   0.9999997    0.0000012    0.0005315
   0.0000000    1.0000018   -0.0000048
   0.0000000    0.0000000    0.9999982

 ... evaluating constitutive response ......................................

 Piola--Kirchhoff stress       / MPa =
        0.0378        -0.0716        23.0237
       -0.0717         0.0289        -0.0381
       23.0237        -0.0381        -0.0616

 ... doing gamma convolution ...............................................

 ... evaluating constitutive response ......................................

 Piola--Kirchhoff stress       / MPa =
        0.0383        -0.0711        23.3278
       -0.0712         0.0290        -0.0378
       23.3278        -0.0378        -0.0603

 ... doing gamma convolution ...............................................

 ... reporting .............................................................

 error divergence =        76.49 (8.92E+05 / m, tol =  1.17E+04)
 error stress BC  =         3.05 (7.11E+04 Pa,  tol =  2.33E+04)

 ===========================================================================
 Increment 1/15-1/1 @ Iteration 1≤3≤100

 deformation gradient aim       =
   0.9999989    0.0000046    0.0005385
   0.0000000    1.0000012   -0.0000031
   0.0000000    0.0000000    0.9999996

 ... evaluating constitutive response ......................................

 Piola--Kirchhoff stress       / MPa =
        0.0011        -0.0041        23.3267
       -0.0042        -0.0007         0.0072
       23.3267         0.0072         0.0005

 ... doing gamma convolution ...............................................

 ... evaluating constitutive response ......................................

 Piola--Kirchhoff stress       / MPa =
        0.0017        -0.0060        23.3334
       -0.0061        -0.0001         0.0061
       23.3334         0.0061        -0.0015

 ... doing gamma convolution ...............................................

 ... reporting .............................................................

 error divergence =        12.06 (1.41E+05 / m, tol =  1.17E+04)
 error stress BC  =         0.26 (6.15E+03 Pa,  tol =  2.33E+04)

 ===========================================================================
 Increment 1/15-1/1 @ Iteration 1≤4≤100

 deformation gradient aim       =
   0.9999989    0.0000048    0.0005387
   0.0000000    1.0000012   -0.0000034
   0.0000000    0.0000000    0.9999996

 ... evaluating constitutive response ......................................

 Piola--Kirchhoff stress       / MPa =
        0.0010        -0.0007        23.3336
       -0.0008         0.0004        -0.0000
       23.3336        -0.0000        -0.0015

 ... doing gamma convolution ...............................................

 ... evaluating constitutive response ......................................

 Piola--Kirchhoff stress       / MPa =
        0.0004         0.0004        23.3333
        0.0003        -0.0001         0.0008
       23.3333         0.0008        -0.0005

 ... doing gamma convolution ...............................................

 ... reporting .............................................................

 error divergence =         1.65 (1.92E+04 / m, tol =  1.17E+04)
 error stress BC  =         0.03 (7.55E+02 Pa,  tol =  2.33E+04)

 ===========================================================================
 Increment 1/15-1/1 @ Iteration 1≤5≤100

 deformation gradient aim       =
   0.9999988    0.0000048    0.0005387
   0.0000000    1.0000012   -0.0000034
   0.0000000    0.0000000    0.9999996

 ... evaluating constitutive response ......................................

 Piola--Kirchhoff stress       / MPa =
        0.0001        -0.0001        23.3334
       -0.0002         0.0000         0.0001
       23.3333         0.0001        -0.0001

 ... doing gamma convolution ...............................................

 ... evaluating constitutive response ......................................

 Piola--Kirchhoff stress       / MPa =
        0.0001         0.0000        23.3333
       -0.0001         0.0000         0.0000
       23.3333         0.0000        -0.0001

 ... doing gamma convolution ...............................................

 ... reporting .............................................................

 error divergence =         0.24 (2.77E+03 / m, tol =  1.17E+04)
 error stress BC  =         0.01 (1.19E+02 Pa,  tol =  2.33E+04)

 ===========================================================================

 increment 1 converged

 ... saving results ........................................................
 saving solver data required for restart
 saving field and constitutive data required for restart

 ###########################################################################
 Time  1.33333E+02s: Increment 2/15-1/1 of load case 1/1
 Increment 2/15-1/1 @ Iteration 1≤0≤100

 deformation gradient aim       =
   0.9999977    0.0000096    0.0010774
   0.0000000    1.0000025   -0.0000069
   0.0000000    0.0000000    0.9999992

 ... evaluating constitutive response ......................................

 Piola--Kirchhoff stress       / MPa =
       -0.0753         0.1518        47.2273
        0.1514        -0.0544         0.0613
       47.2272         0.0613         0.1285

 ... doing gamma convolution ...............................................

 ... reporting .............................................................

 error divergence =         8.84 (2.09E+05 / m, tol =  2.36E+04)
 error stress BC  =        11.87 (5.61E+05 Pa,  tol =  4.72E+04)

 ===========================================================================
 Increment 2/15-1/1 @ Iteration 1≤1≤100

 deformation gradient aim       =
   0.9999985    0.0000061    0.0010648
   0.0000000    1.0000030   -0.0000081
   0.0000000    0.0000000    0.9999979

 ... evaluating constitutive response ......................................

 Piola--Kirchhoff stress       / MPa =
        0.0016        -0.0045        46.6582
       -0.0048         0.0012        -0.0018
       46.6582        -0.0018        -0.0052

 ... doing gamma convolution ...............................................

 ... evaluating constitutive response ......................................

 Piola--Kirchhoff stress       / MPa =
       -0.0018         0.0025        46.6837
        0.0022        -0.0013         0.0011
       46.6837         0.0011         0.0008

 ... doing gamma convolution ...............................................

 ... reporting .............................................................

 error divergence =         8.33 (1.94E+05 / m, tol =  2.33E+04)
 error stress BC  =         0.37 (1.71E+04 Pa,  tol =  4.67E+04)

 ===========================================================================
 Increment 2/15-1/1 @ Iteration 1≤2≤100

 deformation gradient aim       =
   0.9999985    0.0000061    0.0010646
   0.0000000    1.0000030   -0.0000081
   0.0000000    0.0000000    0.9999979

 ... evaluating constitutive response ......................................

 Piola--Kirchhoff stress       / MPa =
       -0.0026         0.0041        46.6744
        0.0038        -0.0017         0.0017
       46.6744         0.0017         0.0037

 ... doing gamma convolution ...............................................

 ... evaluating constitutive response ......................................

 Piola--Kirchhoff stress       / MPa =
       -0.0014         0.0019        46.6663
        0.0015        -0.0009         0.0008
       46.6663         0.0008         0.0018

 ... doing gamma convolution ...............................................

 ... reporting .............................................................

 error divergence =         1.04 (2.43E+04 / m, tol =  2.33E+04)
 error stress BC  =         0.04 (1.88E+03 Pa,  tol =  4.67E+04)

 ===========================================================================
 Increment 2/15-1/1 @ Iteration 1≤3≤100

 deformation gradient aim       =
   0.9999986    0.0000060    0.0010644
   0.0000000    1.0000030   -0.0000082
   0.0000000    0.0000000    0.9999978

 ... evaluating constitutive response ......................................

 Piola--Kirchhoff stress       / MPa =
        0.0000         0.0002        46.6670
       -0.0002        -0.0001        -0.0001
       46.6670        -0.0001         0.0001

 ... doing gamma convolution ...............................................

 ... evaluating constitutive response ......................................

 Piola--Kirchhoff stress       / MPa =
        0.0000         0.0001        46.6666
       -0.0002        -0.0001        -0.0001
       46.6666        -0.0001         0.0001

 ... doing gamma convolution ...............................................

 ... reporting .............................................................

 error divergence =         0.16 (3.68E+03 / m, tol =  2.33E+04)
 error stress BC  =         0.00 (1.35E+02 Pa,  tol =  4.67E+04)

 ===========================================================================

 increment 2 converged

 ... saving results ........................................................
 saving solver data required for restart
 saving field and constitutive data required for restart

 ###########################################################################
 Time  2.00000E+02s: Increment 3/15-1/1 of load case 1/1
 Increment 3/15-1/1 @ Iteration 1≤0≤100

 deformation gradient aim       =
   0.9999983    0.0000071    0.0015901
   0.0000000    1.0000048   -0.0000129
   0.0000000    0.0000000    0.9999961

 ... evaluating constitutive response ......................................

 Piola--Kirchhoff stress       / MPa =
        0.1140        -0.0846        69.6870
       -0.0854         0.0643        -0.0341
       69.6869        -0.0341         0.0019

 ... doing gamma convolution ...............................................

 ... reporting .............................................................

 error divergence =         3.26 (1.14E+05 / m, tol =  3.48E+04)
 error stress BC  =         4.49 (3.13E+05 Pa,  tol =  6.97E+04)

 ===========================================================================
 Increment 3/15-1/1 @ Iteration 1≤1≤100

 deformation gradient aim       =
   0.9999975    0.0000091    0.0015972
   0.0000000    1.0000046   -0.0000122
   0.0000000    0.0000000    0.9999965

 ... evaluating constitutive response ......................................

 Piola--Kirchhoff stress       / MPa =
       -0.0010         0.0025        70.0046
        0.0017        -0.0005         0.0009
       70.0045         0.0009         0.0027

 ... doing gamma convolution ...............................................

 ... evaluating constitutive response ......................................

 Piola--Kirchhoff stress       / MPa =
        0.0040        -0.0013        69.9907
       -0.0022         0.0024        -0.0006
       69.9906        -0.0006         0.0027

 ... doing gamma convolution ...............................................

 ... reporting .............................................................

 error divergence =         3.10 (1.08E+05 / m, tol =  3.50E+04)
 error stress BC  =         0.13 (9.32E+03 Pa,  tol =  7.00E+04)

 ===========================================================================
 Increment 3/15-1/1 @ Iteration 1≤2≤100

 deformation gradient aim       =
   0.9999975    0.0000091    0.0015973
   0.0000000    1.0000046   -0.0000122
   0.0000000    0.0000000    0.9999965

 ... evaluating constitutive response ......................................

 Piola--Kirchhoff stress       / MPa =
        0.0016        -0.0023        69.9957
       -0.0031         0.0006        -0.0010
       69.9956        -0.0010        -0.0019

 ... doing gamma convolution ...............................................

 ... evaluating constitutive response ......................................

 Piola--Kirchhoff stress       / MPa =
        0.0000        -0.0010        70.0002
       -0.0019        -0.0003        -0.0005
       70.0001        -0.0005        -0.0019

 ... doing gamma convolution ...............................................

 ... reporting .............................................................

 error divergence =         0.38 (1.34E+04 / m, tol =  3.50E+04)
 error stress BC  =         0.03 (1.87E+03 Pa,  tol =  7.00E+04)

 ===========================================================================

 increment 3 converged

 ... saving results ........................................................
 saving solver data required for restart
 saving field and constitutive data required for restart

 ###########################################################################
 Time  2.66667E+02s: Increment 4/15-1/1 of load case 1/1
 Increment 4/15-1/1 @ Iteration 1≤0≤100

 deformation gradient aim       =
   0.9999963    0.0000123    0.0021303
   0.0000000    1.0000062   -0.0000162
   0.0000000    0.0000000    0.9999952

 ... evaluating constitutive response ......................................

 Piola--Kirchhoff stress       / MPa =
        0.0361         0.0090        93.3679
        0.0075         0.0158         0.0039
       93.3677         0.0039         0.0487

 ... doing gamma convolution ...............................................

 ... reporting .............................................................

 error divergence =         0.74 (3.45E+04 / m, tol =  4.67E+04)
 error stress BC  =         0.52 (4.87E+04 Pa,  tol =  9.34E+04)

 ===========================================================================
 Increment 4/15-1/1 @ Iteration 1≤1≤100

 deformation gradient aim       =
   0.9999962    0.0000121    0.0021296
   0.0000000    1.0000063   -0.0000163
   0.0000000    0.0000000    0.9999949

 ... evaluating constitutive response ......................................

 Piola--Kirchhoff stress       / MPa =
        0.0001        -0.0005        93.3324
       -0.0020         0.0003        -0.0000
       93.3322        -0.0000        -0.0006

 ... doing gamma convolution ...............................................

 ... evaluating constitutive response ......................................

 Piola--Kirchhoff stress       / MPa =
        0.0018        -0.0000        93.3340
       -0.0016         0.0010         0.0002
       93.3339         0.0002         0.0017

 ... doing gamma convolution ...............................................

 ... reporting .............................................................

 error divergence =         0.24 (1.13E+04 / m, tol =  4.67E+04)
 error stress BC  =         0.02 (1.83E+03 Pa,  tol =  9.33E+04)

 ===========================================================================

 increment 4 converged

 ... saving results ........................................................
 saving solver data required for restart
 saving field and constitutive data required for restart

 ###########################################################################
 Time  3.33333E+02s: Increment 5/15-1/1 of load case 1/1
 Increment 5/15-1/1 @ Iteration 1≤0≤100

 deformation gradient aim       =
   0.9999949    0.0000151    0.0026618
   0.0000000    1.0000079   -0.0000204
   0.0000000    0.0000000    0.9999933

 ... evaluating constitutive response ......................................

 Piola--Kirchhoff stress       / MPa =
        0.0505        -0.0025       116.6291
       -0.0048         0.0216        -0.0088
      116.6288        -0.0088         0.0417

 ... doing gamma convolution ...............................................

 ... reporting .............................................................

 error divergence =         5.00 (2.91E+05 / m, tol =  5.83E+04)
 error stress BC  =         0.43 (5.05E+04 Pa,  tol =  1.17E+05)

 ===========================================================================
 Increment 5/15-1/1 @ Iteration 1≤1≤100

 deformation gradient aim       =
   0.9999947    0.0000152    0.0026626
   0.0000000    1.0000080   -0.0000202
   0.0000000    0.0000000    0.9999931

 ... evaluating constitutive response ......................................

 Piola--Kirchhoff stress       / MPa =
        0.0015        -0.0007       116.6628
       -0.0031        -0.0001        -0.0006
      116.6626        -0.0006        -0.0009

 ... doing gamma convolution ...............................................

 ... evaluating constitutive response ......................................

 Piola--Kirchhoff stress       / MPa =
       -0.0065        -0.0004       116.6683
       -0.0028        -0.0036         0.0008
      116.6681         0.0008        -0.0079

 ... doing gamma convolution ...............................................

 ... reporting .............................................................

 error divergence =         0.65 (3.80E+04 / m, tol =  5.83E+04)
 error stress BC  =         0.07 (7.87E+03 Pa,  tol =  1.17E+05)

 ===========================================================================

 increment 5 converged

 ... saving results ........................................................
 saving solver data required for restart
 saving field and constitutive data required for restart

 ###########################################################################
 Time  4.00000E+02s: Increment 6/15-1/1 of load case 1/1
 Increment 6/15-1/1 @ Iteration 1≤0≤100

 deformation gradient aim       =
   0.9999932    0.0000183    0.0031957
   0.0000000    1.0000097   -0.0000241
   0.0000000    0.0000000    0.9999914

 ... evaluating constitutive response ......................................

 Piola--Kirchhoff stress       / MPa =
        0.0865         0.0073       139.6599
        0.0042         0.0380        -0.0858
      139.6596        -0.0858         0.0187

 ... doing gamma convolution ...............................................

 ... reporting .............................................................

 error divergence =        42.67 (2.98E+06 / m, tol =  6.98E+04)
 error stress BC  =         2.44 (3.40E+05 Pa,  tol =  1.40E+05)

 ===========================================================================
 Increment 6/15-1/1 @ Iteration 1≤1≤100

 deformation gradient aim       =
   0.9999925    0.0000181    0.0032034
   0.0000000    1.0000098   -0.0000223
   0.0000000    0.0000000    0.9999916

 ... evaluating constitutive response ......................................

 Piola--Kirchhoff stress       / MPa =
        0.0219        -0.0149       139.8779
       -0.0179         0.0069        -0.0270
      139.8778        -0.0270        -0.0263

 ... doing gamma convolution ...............................................

 ... evaluating constitutive response ......................................

 Piola--Kirchhoff stress       / MPa =
       -0.0140        -0.0272       139.9972
       -0.0302        -0.0106         0.0052
      139.9973         0.0052        -0.0522

 ... doing gamma convolution ...............................................

 ... reporting .............................................................

 error divergence =         6.93 (4.85E+05 / m, tol =  7.00E+04)
 error stress BC  =         0.37 (5.22E+04 Pa,  tol =  1.40E+05)

 ===========================================================================
 Increment 6/15-1/1 @ Iteration 1≤2≤100

 deformation gradient aim       =
   0.9999922    0.0000191    0.0032062
   0.0000000    1.0000096   -0.0000218
   0.0000000    0.0000000    0.9999922

 ... evaluating constitutive response ......................................

 Piola--Kirchhoff stress       / MPa =
        0.0014         0.0013       139.9967
       -0.0017        -0.0027        -0.0015
      139.9967        -0.0015         0.0007

 ... doing gamma convolution ...............................................

 ... evaluating constitutive response ......................................

 Piola--Kirchhoff stress       / MPa =
       -0.0009         0.0016       140.0069
       -0.0014        -0.0039         0.0009
      140.0069         0.0009         0.0010

 ... doing gamma convolution ...............................................

 ... reporting .............................................................

 error divergence =         1.15 (8.06E+04 / m, tol =  7.00E+04)
 error stress BC  =         0.05 (6.91E+03 Pa,  tol =  1.40E+05)

 ===========================================================================
 Increment 6/15-1/1 @ Iteration 1≤3≤100

 deformation gradient aim       =
   0.9999922    0.0000190    0.0032062
   0.0000000    1.0000097   -0.0000218
   0.0000000    0.0000000    0.9999922

 ... evaluating constitutive response ......................................

 Piola--Kirchhoff stress       / MPa =
        0.0003        -0.0006       140.0003
       -0.0036         0.0001         0.0001
      140.0002         0.0001        -0.0004

 ... doing gamma convolution ...............................................

 ... evaluating constitutive response ......................................

 Piola--Kirchhoff stress       / MPa =
        0.0007         0.0000       140.0001
       -0.0030         0.0005        -0.0000
      140.0001        -0.0000         0.0009

 ... doing gamma convolution ...............................................

 ... reporting .............................................................

 error divergence =         0.18 (1.24E+04 / m, tol =  7.00E+04)
 error stress BC  =         0.01 (9.26E+02 Pa,  tol =  1.40E+05)

 ===========================================================================

 increment 6 converged

 ... saving results ........................................................
 saving solver data required for restart
 saving field and constitutive data required for restart

 ###########################################################################
 Time  4.66667E+02s: Increment 7/15-1/1 of load case 1/1
 Increment 7/15-1/1 @ Iteration 1≤0≤100

 deformation gradient aim       =
   0.9999897    0.0000229    0.0037496
   0.0000000    1.0000114   -0.0000234
   0.0000000    0.0000000    0.9999912

 ... evaluating constitutive response ......................................

 Piola--Kirchhoff stress       / MPa =
        0.0769         0.0868       162.1666
        0.0839         0.1537        -0.2497
      162.1669        -0.2497        -0.0215

 ... doing gamma convolution ...............................................

 ... reporting .............................................................

 error divergence =        69.54 (5.64E+06 / m, tol =  8.11E+04)
 error stress BC  =         7.19 (1.17E+06 Pa,  tol =  1.62E+05)

 ===========================================================================
 Increment 7/15-1/1 @ Iteration 1≤1≤100

 deformation gradient aim       =
   0.9999894    0.0000209    0.0037766
   0.0000000    1.0000103   -0.0000179
   0.0000000    0.0000000    0.9999919

 ... evaluating constitutive response ......................................

 Piola--Kirchhoff stress       / MPa =
        0.0249        -0.0073       162.9317
       -0.0099         0.0509        -0.0750
      162.9324        -0.0750        -0.0761

 ... doing gamma convolution ...............................................

 ... evaluating constitutive response ......................................

 Piola--Kirchhoff stress       / MPa =
       -0.0125        -0.0735       163.4660
       -0.0760        -0.0207         0.0476
      163.4670         0.0476        -0.1169

 ... doing gamma convolution ...............................................

 ... reporting .............................................................

 error divergence =        19.11 (1.56E+06 / m, tol =  8.17E+04)
 error stress BC  =         0.81 (1.33E+05 Pa,  tol =  1.63E+05)

 ===========================================================================
 Increment 7/15-1/1 @ Iteration 1≤2≤100

 deformation gradient aim       =
   0.9999888    0.0000227    0.0037828
   0.0000000    1.0000096   -0.0000173
   0.0000000    0.0000000    0.9999936

 ... evaluating constitutive response ......................................

 Piola--Kirchhoff stress       / MPa =
        0.0142         0.0009       163.2886
       -0.0015        -0.0035        -0.0129
      163.2894        -0.0129        -0.0117

 ... doing gamma convolution ...............................................

 ... evaluating constitutive response ......................................

 Piola--Kirchhoff stress       / MPa =
        0.0135         0.0050       163.3342
        0.0026        -0.0108        -0.0060
      163.3350        -0.0060         0.0017

 ... doing gamma convolution ...............................................

 ... reporting .............................................................

 error divergence =         4.44 (3.63E+05 / m, tol =  8.17E+04)
 error stress BC  =         0.08 (1.35E+04 Pa,  tol =  1.63E+05)

 ===========================================================================
 Increment 7/15-1/1 @ Iteration 1≤3≤100

 deformation gradient aim       =
   0.9999885    0.0000226    0.0037838
   0.0000000    1.0000098   -0.0000169
   0.0000000    0.0000000    0.9999938

 ... evaluating constitutive response ......................................

 Piola--Kirchhoff stress       / MPa =
        0.0016        -0.0034       163.3392
       -0.0058        -0.0013         0.0016
      163.3400         0.0016        -0.0001

 ... doing gamma convolution ...............................................

 ... evaluating constitutive response ......................................

 Piola--Kirchhoff stress       / MPa =
        0.0005        -0.0005       163.3312
       -0.0029         0.0016        -0.0002
      163.3320        -0.0002         0.0066

 ... doing gamma convolution ...............................................

 ... reporting .............................................................

 error divergence =         1.02 (8.37E+04 / m, tol =  8.17E+04)
 error stress BC  =         0.04 (6.63E+03 Pa,  tol =  1.63E+05)

 ===========================================================================
 Increment 7/15-1/1 @ Iteration 1≤4≤100

 deformation gradient aim       =
   0.9999885    0.0000227    0.0037838
   0.0000000    1.0000098   -0.0000170
   0.0000000    0.0000000    0.9999937

 ... evaluating constitutive response ......................................

 Piola--Kirchhoff stress       / MPa =
        0.0005         0.0000       163.3335
       -0.0024        -0.0007        -0.0008
      163.3343        -0.0008         0.0002

 ... doing gamma convolution ...............................................

 ... evaluating constitutive response ......................................

 Piola--Kirchhoff stress       / MPa =
       -0.0003        -0.0002       163.3333
       -0.0026        -0.0003        -0.0006
      163.3341        -0.0006        -0.0005

 ... doing gamma convolution ...............................................

 ... reporting .............................................................

 error divergence =         0.25 (2.04E+04 / m, tol =  8.17E+04)
 error stress BC  =         0.00 (6.27E+02 Pa,  tol =  1.63E+05)

 ===========================================================================

 increment 7 converged

 ... saving results ........................................................
 saving solver data required for restart
 saving field and constitutive data required for restart

 ###########################################################################
 Time  5.33333E+02s: Increment 8/15-1/1 of load case 1/1
 Increment 8/15-1/1 @ Iteration 1≤0≤100

 deformation gradient aim       =
   0.9999847    0.0000264    0.0043614
   0.0000000    1.0000099   -0.0000121
   0.0000000    0.0000000    0.9999952

 ... evaluating constitutive response ......................................

 Piola--Kirchhoff stress       / MPa =
       -0.0444         0.0311       184.0214
        0.0308         0.3257        -0.4582
      184.0235        -0.4581        -0.0689

 ... doing gamma convolution ...............................................

 ... reporting .............................................................

 error divergence =        70.47 (6.48E+06 / m, tol =  9.20E+04)
 error stress BC  =        14.37 (2.65E+06 Pa,  tol =  1.84E+05)

 ===========================================================================
 Increment 8/15-1/1 @ Iteration 1≤1≤100

 deformation gradient aim       =
   0.9999857    0.0000255    0.0044256
   0.0000000    1.0000068   -0.0000015
   0.0000000    0.0000000    0.9999965

