
 <<<+-  parallelization init  -+>>>

 Open MPI v4.1.6, package: Debian OpenMPI, ident: 4.1.6, repo rev: v4.1.6, Sep 30, 2023
 MPI standard: 3.1
 OpenMP version: 201511

 MPI processes: 1
 Could not get $OMP_NUM_THREADS, using default
 OMP_NUM_THREADS: 4

 <<<+-  CLI init  -+>>>

     _/_/_/      _/_/    _/      _/    _/_/      _/_/_/  _/    _/    _/_/_/
    _/    _/  _/    _/  _/_/  _/_/  _/    _/  _/        _/  _/            _/
   _/    _/  _/_/_/_/  _/  _/  _/  _/_/_/_/    _/_/    _/_/          _/_/
  _/    _/  _/    _/  _/      _/  _/    _/        _/  _/  _/            _/
 _/_/_/    _/    _/  _/      _/  _/    _/  _/_/_/    _/    _/    _/_/_/
 Grid solver

 F. Roters et al., Computational Materials Science 158:420–478, 2019
 https://doi.org/10.1016/j.commatsci.2018.04.030

 S. Balay et al., PETSc/TAO User Manual Revision 3.19
 https://doi.org/10.2172/1968587

 Version: v3.0.1

 Compiled with: GCC version 13.3.0
 Compiled on: Linux-6.8.0-51-generic
 Compiler options: -cpp -I /usr/lib/petscdir/petsc3.19/x86_64-linux-gnu-real/include -I /usr/include/hypre -I /usr/include/suitesparse -I /usr/include/superlu -I /usr/include/superlu-dist -I /usr/include/trilinos -I /usr/include/scotch -I /usr/include/hdf5/openmpi -I /usr/include/hdf5/serial -I /usr/include -I /usr/lib/x86_64-linux-gnu/openmpi/lib/../../fortran/gfortran-mod-15/openmpi -I /usr/lib/x86_64-linux-gnu/openmpi/lib -imultiarch x86_64-linux-gnu -D_REENTRANT -D CMAKE_SYSTEM="Linux-6.8.0-51-generic" -D DAMASKVERSION="v3.0.1" -D FYAML -D GRID -D PETSC --param=l1-cache-size=32 --param=l1-cache-line-size=64 --param=l2-cache-size=512 -mtune=znver2 -mno-omit-leaf-frame-pointer -march=x86-64 -g -O2 -O2 -Wall -Wextra -Wcharacter-truncation -Wunderflow -Wsuggest-attribute=pure -Wsuggest-attribute=noreturn -Wconversion-extra -Wunused-parameter -std=f2018 -fno-omit-frame-pointer -ffile-prefix-map=/build/damask-XEckOy/damask-3.0.1=. -flto=auto -ffat-lto-objects -fstack-protector-strong -fstack-clash-protection -fcf-protection=full -fdebug-prefix-map=/build/damask-XEckOy/damask-3.0.1=/usr/src/damask-3.0.1-6~noble -fopenmp -fPIE -ffree-line-length-none -fimplicit-none -fallow-argument-mismatch -ffpe-summary=all -fpre-include=/usr/include/finclude/x86_64-linux-gnu/math-vector-fortran.h

 Compiled on: Jan 14 2025 at 07:40:31

 PETSc version: 3.19.6

 Date: 14/11/2025
 Time: 23:10:59

 Host name: UT170340
 User name: vincent

 Command line call:      DAMASK_grid --geom /home/vincent/local_Homogenization_for_Damask/projects/template_yield_surface_postprocessing_only/input_files/Polycrystal_25_5x5x5.vti --load /home/vincent/local_Homogenization_for_Damask/projects/template_yield_surface_postprocessing_only/damask_files/yield_surface/shear_xy_yz_q1_1/LOADCASE.yaml --material /home/vincent/local_Homogenization_for_Damask/projects/template_yield_surface_postprocessing_only/input_files/titanium_assigned.yaml --numerics /home/vincent/local_Homogenization_for_Damask/projects/template_yield_surface_postprocessing_only/damask_files/yield_surface/shear_xy_yz_q1_1/NUMERICS.yaml --jobname template_yield_surface_postprocessing_only --workingdirectory /home/vincent/local_Homogenization_for_Damask/projects/template_yield_surface_postprocessing_only/damask_files/yield_surface/shear_xy_yz_q1_1

 Working directory:      /home/vincent/local_Homogenization_for_Damask/projects/template_yield_surface_postprocessing_only/damask_files/yield_surface/shear_xy_yz_q1_1
 Geometry:               ../../../input_files/Polycrystal_25_5x5x5.vti <-- /home/vincent/local_Homogenization_for_Damask/projects/template_yield_surface_postprocessing_only/input_files/Polycrystal_25_5x5x5.vti
 Load case:              LOADCASE.yaml <-- /home/vincent/local_Homogenization_for_Damask/projects/template_yield_surface_postprocessing_only/damask_files/yield_surface/shear_xy_yz_q1_1/LOADCASE.yaml
 Material config:        ../../../input_files/titanium_assigned.yaml <-- /home/vincent/local_Homogenization_for_Damask/projects/template_yield_surface_postprocessing_only/input_files/titanium_assigned.yaml
 Numerics config:        NUMERICS.yaml <-- /home/vincent/local_Homogenization_for_Damask/projects/template_yield_surface_postprocessing_only/damask_files/yield_surface/shear_xy_yz_q1_1/NUMERICS.yaml
 Solver job name:        template_yield_surface_postprocessing_only

 <<<+-  system_routines init  -+>>>

 <<<+-  prec init  -+>>>

 integer size / bit:   32
   maximum value:              2147483647

 real size / bit:      64
   maximum value:      0.180+309
   minimum value:      0.223-307
   epsilon value:      0.222E-15
   decimal precision:  15

 <<<+-  misc init  -+>>>

 <<<+-  IO init  -+>>>

 <<<+-  base64 init  -+>>>

 <<<+-  types init  -+>>>

 <<<+-  YAML init  -+>>>

 libfyaml powered

 <<<+-  HDF5_utilities init  -+>>>

 <<<+-  result init  -+>>>

 M. Diehl et al., Integrating Materials and Manufacturing Innovation 6(1):83–91, 2017
 https://doi.org/10.1007/s40192-017-0084-5

 <<<+-  config init  -+>>>

 reading material configuration

 reading numerics configuration

 <<<+-  math init  -+>>>

 size  of random seed:      8
 value of random seed:      -1481183704   415754762   856999204 -1400243841 -2105127624 -1155669144  1989833107  -174990865
 start of random sequence: 
                           0.23027985232629
                           0.32818031353662
                           0.37327534464090
                           0.21090993106606

 <<<+-  rotations init  -+>>>

 D. Rowenhorst et al., Modelling and Simulation in Materials Science and Engineering 23:083501, 2015
 https://doi.org/10.1088/0965-0393/23/8/083501

 <<<+-  polynomials init  -+>>>

 <<<+-  tables init  -+>>>

 <<<+-  crystal init  -+>>>

 <<<+-  discretization_grid init  -+>>>

 cells:  5 × 5 × 5
 size:   1.00E-05 × 1.00E-05 × 1.00E-05 m³
 origin:  0.00E+00  0.00E+00  0.00E+00 m

 <<<+-  discretization init  -+>>>

 <<<+-  material init  -+>>>

 parsed material.yaml

 <<<+-  phase init  -+>>>

 phase 1: A

 references:
   - https://www.totalmateria.com/page.aspx?ID=CheckArticle&site=ktn&NM=221
   - https://en.wikipedia.org/wiki/Titanium

 <<<+-  phase:mechanical init  -+>>>

 <<<+-  phase:mechanical:elastic init  -+>>>

 <<<+-  phase:mechanical:elastic:Hooke init  -+>>>

 # phases: 1

 phase 1: A

 references:
   - E.S. Fisher and C.J. Renken, Physical Review 135(2A):A482-A494, 1964,
     https://doi.org/10.1103/PhysRev.135.A482, fit to Tab. IV (T_min=77K, 
     T_max=923K) 

 <<<+-  phase:mechanical:plasticity init  -+>>>

 <<<+-  phase:mechanical:plastic:phenopowerlaw init  -+>>>

 # phases: 1

 phase 1: A

 references:
   - C. Zambaldi et al., Journal of Materials Research 27(1):356-367, 2021,
     https://doi.org/10.1557/jmr.2011.334 
   - L. Wang et al., Acta Materialia 132:598-610, 2017,
     https://doi.org/10.1016/j.actamat.2017.05.015 

 <<<+-  phase:mechanical:eigen init  -+>>>

 <<<+-  phase:damage init  -+>>>

 <<<+-  phase:thermal init  -+>>>

 <<<+-  homogenization init  -+>>>

 <<<+-  homogenization:mechanical init  -+>>>

 <<<+-  homogenization:mechanical:pass init  -+>>>

 # homogenizations: 1

 <<<+-  homogenization:thermal init  -+>>>

 <<<+-  homogenization:damage init  -+>>>

 <<<+-  homogenization:damage:pass init  -+>>>

 <<<+-  materialpoint init  -+>>>

 deallocating material configuration

 <<<+-  DAMASK_grid init  -+>>>

 P. Shanthraj et al., Handbook of Mechanics of Materials, 2019
 https://doi.org/10.1007/978-981-10-6855-3_80

 <<<+-  spectral_utilities init  -+>>>

 M. Diehl, Diploma Thesis TU München, 2010
 https://doi.org/10.13140/2.1.3234.3840

 P. Eisenlohr et al., International Journal of Plasticity 46:37–53, 2013
 https://doi.org/10.1016/j.ijplas.2012.09.012

 P. Shanthraj et al., International Journal of Plasticity 66:31–45, 2015
 https://doi.org/10.1016/j.ijplas.2014.02.006

 P. Shanthraj et al., Handbook of Mechanics of Materials, 2019
 https://doi.org/10.1007/978-981-10-6855-3_80

 M. Frigo and S.G. Johnson, Proceedings of the IEEE 93(2):216–231, 2005
 https://doi.org/10.1109/jproc.2004.840301

 FFTW initialized

 <<<+-  grid_mechanical_spectral_basic init  -+>>>

 P. Eisenlohr et al., International Journal of Plasticity 46:37–53, 2013
 https://doi.org/10.1016/j.ijplas.2012.09.012

 P. Shanthraj et al., International Journal of Plasticity 66:31–45, 2015
 https://doi.org/10.1016/j.ijplas.2014.02.006

 ... evaluating constitutive response ......................................

 Piola--Kirchhoff stress       / MPa =
        0.0000         0.0000         0.0000
        0.0000         0.0000        -0.0000
        0.0000        -0.0000         0.0000

 deallocating numerics configuration

 ... saving initial configuration ..........................................

 load case: 1
  estimate_rate: F
  F:
       x             x             x      
     0.0000000       x             x      
     0.0000000     0.0000000       x      
  P / MPa:
        0.0000      247.4874        0.0000
       x              0.0000     -247.4874
       x             x              0.0000
  r: 1 (constant step width)
  t: 1000.000
  N: 15
  f_out: 1
  f_restart: 1

 ###########################################################################
 Time  6.66667E+01s: Increment 1/15-1/1 of load case 1/1
 Increment 1/15-1/1 @ Iteration 1≤0≤100

 deformation gradient aim       =
   1.0000000    0.0000000    0.0000000
   0.0000000    1.0000000    0.0000000
   0.0000000    0.0000000    1.0000000

 ... evaluating constitutive response ......................................

 Piola--Kirchhoff stress       / MPa =
       -0.0000         0.0000         0.0000
        0.0000        -0.0000        -0.0000
        0.0000        -0.0000        -0.0000

 ... doing gamma convolution ...............................................

 ... reporting .............................................................

 error divergence =         1.24 (1.24E-04 / m, tol =  1.00E-04)
 error stress BC  =     16499.16 (1.65E+07 Pa,  tol =  1.00E+03)

 ===========================================================================
 Increment 1/15-1/1 @ Iteration 1≤1≤100

 deformation gradient aim       =
   1.0000014    0.0003864    0.0000042
   0.0000000    1.0000007   -0.0003637
   0.0000000    0.0000000    0.9999980

 ... evaluating constitutive response ......................................

 Piola--Kirchhoff stress       / MPa =
        0.0174        16.4991        -0.0064
       16.4992         0.0234       -16.4991
       -0.0000       -16.4991         0.0168

 ... doing gamma convolution ...............................................

 ... evaluating constitutive response ......................................

 Piola--Kirchhoff stress       / MPa =
        0.0169        16.2408        -0.0062
       16.2409         0.0227       -16.2408
       -0.0000       -16.2408         0.0163

 ... doing gamma convolution ...............................................

 ... reporting .............................................................

 error divergence =       966.43 (7.85E+06 / m, tol =  8.12E+03)
 error stress BC  =        15.91 (2.58E+05 Pa,  tol =  1.62E+04)

 ===========================================================================
 Increment 1/15-1/1 @ Iteration 1≤2≤100

 deformation gradient aim       =
   1.0000013    0.0003924    0.0000045
   0.0000000    1.0000005   -0.0003693
   0.0000000    0.0000000    0.9999979

 ... evaluating constitutive response ......................................

 Piola--Kirchhoff stress       / MPa =
        0.0033        16.1956        -0.0255
       16.1956         0.0359       -16.2366
       -0.0192       -16.2365        -0.0167

 ... doing gamma convolution ...............................................

 ... evaluating constitutive response ......................................

 Piola--Kirchhoff stress       / MPa =
        0.0042        16.4763        -0.0254
       16.4763         0.0365       -16.5165
       -0.0189       -16.5164        -0.0155

 ... doing gamma convolution ...............................................

 ... reporting .............................................................

 error divergence =       126.04 (1.04E+06 / m, tol =  8.26E+03)
 error stress BC  =         2.21 (3.65E+04 Pa,  tol =  1.65E+04)

 ===========================================================================
 Increment 1/15-1/1 @ Iteration 1≤3≤100

 deformation gradient aim       =
   1.0000014    0.0004001    0.0000057
   0.0000000    0.9999999   -0.0003748
   0.0000000    0.0000000    0.9999984

 ... evaluating constitutive response ......................................

 Piola--Kirchhoff stress       / MPa =
       -0.0001        16.4963        -0.0085
       16.4964        -0.0015       -16.4896
       -0.0020       -16.4896        -0.0026

 ... doing gamma convolution ...............................................

 ... evaluating constitutive response ......................................

 Piola--Kirchhoff stress       / MPa =
       -0.0003        16.5020        -0.0088
       16.5021        -0.0013       -16.4960
       -0.0023       -16.4959        -0.0031

 ... doing gamma convolution ...............................................

 ... reporting .............................................................

 error divergence =        18.46 (1.52E+05 / m, tol =  8.25E+03)
 error stress BC  =         0.53 (8.82E+03 Pa,  tol =  1.65E+04)

 ===========================================================================
 Increment 1/15-1/1 @ Iteration 1≤4≤100

 deformation gradient aim       =
   1.0000014    0.0004001    0.0000061
   0.0000000    0.9999999   -0.0003750
   0.0000000    0.0000000    0.9999984

 ... evaluating constitutive response ......................................

 Piola--Kirchhoff stress       / MPa =
        0.0012        16.4993        -0.0005
       16.4994         0.0002       -16.4993
        0.0060       -16.4993        -0.0010

 ... doing gamma convolution ...............................................

 ... evaluating constitutive response ......................................

 Piola--Kirchhoff stress       / MPa =
        0.0011        16.4995        -0.0000
       16.4995        -0.0004       -16.4988
        0.0065       -16.4988        -0.0008

 ... doing gamma convolution ...............................................

 ... reporting .............................................................

 error divergence =         2.46 (2.03E+04 / m, tol =  8.25E+03)
 error stress BC  =         0.07 (1.12E+03 Pa,  tol =  1.65E+04)

 ===========================================================================
 Increment 1/15-1/1 @ Iteration 1≤5≤100

 deformation gradient aim       =
   1.0000014    0.0004001    0.0000061
   0.0000000    0.9999999   -0.0003751
   0.0000000    0.0000000    0.9999984

 ... evaluating constitutive response ......................................

 Piola--Kirchhoff stress       / MPa =
       -0.0001        16.4991        -0.0001
       16.4992         0.0001       -16.4992
        0.0064       -16.4992        -0.0000

 ... doing gamma convolution ...............................................

 ... evaluating constitutive response ......................................

 Piola--Kirchhoff stress       / MPa =
       -0.0000        16.4991         0.0000
       16.4992         0.0001       -16.4992
        0.0065       -16.4992         0.0000

 ... doing gamma convolution ...............................................

 ... reporting .............................................................

 error divergence =         0.35 (2.89E+03 / m, tol =  8.25E+03)
 error stress BC  =         0.00 (6.60E+01 Pa,  tol =  1.65E+04)

 ===========================================================================

 increment 1 converged

 ... saving results ........................................................
 saving solver data required for restart
 saving field and constitutive data required for restart

 ###########################################################################
 Time  1.33333E+02s: Increment 2/15-1/1 of load case 1/1
 Increment 2/15-1/1 @ Iteration 1≤0≤100

 deformation gradient aim       =
   1.0000027    0.0008001    0.0000123
   0.0000000    0.9999997   -0.0007501
   0.0000000    0.0000000    0.9999969

 ... evaluating constitutive response ......................................

 Piola--Kirchhoff stress       / MPa =
       -0.0048        33.5555         0.0666
       33.5559        -0.0632       -33.4880
        0.0934       -33.4878         0.0434

 ... doing gamma convolution ...............................................

 ... reporting .............................................................

 error divergence =        15.48 (2.60E+05 / m, tol =  1.68E+04)
 error stress BC  =        16.61 (5.57E+05 Pa,  tol =  3.36E+04)

 ===========================================================================
 Increment 2/15-1/1 @ Iteration 1≤1≤100

 deformation gradient aim       =
   1.0000027    0.0007871    0.0000106
   0.0000000    1.0000004   -0.0007393
   0.0000000    0.0000000    0.9999964

 ... evaluating constitutive response ......................................

 Piola--Kirchhoff stress       / MPa =
       -0.0008        32.9877        -0.0017
       32.9880         0.0006       -32.9905
        0.0243       -32.9904        -0.0028

 ... doing gamma convolution ...............................................

 ... evaluating constitutive response ......................................

 Piola--Kirchhoff stress       / MPa =
       -0.0010        33.0149         0.0016
       33.0152        -0.0025       -33.0143
        0.0276       -33.0142        -0.0006

 ... doing gamma convolution ...............................................

 ... reporting .............................................................

 error divergence =        14.76 (2.44E+05 / m, tol =  1.65E+04)
 error stress BC  =         0.50 (1.66E+04 Pa,  tol =  3.30E+04)

 ===========================================================================
 Increment 2/15-1/1 @ Iteration 1≤2≤100

 deformation gradient aim       =
   1.0000027    0.0007869    0.0000106
   0.0000000    1.0000004   -0.0007391
   0.0000000    0.0000000    0.9999964

 ... evaluating constitutive response ......................................

 Piola--Kirchhoff stress       / MPa =
       -0.0003        33.0083         0.0016
       33.0086        -0.0021       -33.0055
        0.0276       -33.0054         0.0014

 ... doing gamma convolution ...............................................

 ... evaluating constitutive response ......................................

 Piola--Kirchhoff stress       / MPa =
       -0.0003        32.9994         0.0005
       32.9997        -0.0011       -32.9977
        0.0265       -32.9976         0.0006

 ... doing gamma convolution ...............................................

 ... reporting .............................................................

 error divergence =         1.99 (3.28E+04 / m, tol =  1.65E+04)
 error stress BC  =         0.03 (1.06E+03 Pa,  tol =  3.30E+04)

 ===========================================================================
 Increment 2/15-1/1 @ Iteration 1≤3≤100

 deformation gradient aim       =
   1.0000027    0.0007867    0.0000106
   0.0000000    1.0000004   -0.0007390
   0.0000000    0.0000000    0.9999964

 ... evaluating constitutive response ......................................

 Piola--Kirchhoff stress       / MPa =
        0.0000        32.9986         0.0003
       32.9988        -0.0000       -32.9987
        0.0263       -32.9986         0.0001

 ... doing gamma convolution ...............................................

 ... evaluating constitutive response ......................................

 Piola--Kirchhoff stress       / MPa =
        0.0001        32.9982         0.0003
       32.9985         0.0000       -32.9984
        0.0263       -32.9982         0.0001

 ... doing gamma convolution ...............................................

 ... reporting .............................................................

 error divergence =         0.28 (4.65E+03 / m, tol =  1.65E+04)
 error stress BC  =         0.01 (2.80E+02 Pa,  tol =  3.30E+04)

 ===========================================================================

 increment 2 converged

 ... saving results ........................................................
 saving solver data required for restart
 saving field and constitutive data required for restart

 ###########################################################################
 Time  2.00000E+02s: Increment 3/15-1/1 of load case 1/1
 Increment 3/15-1/1 @ Iteration 1≤0≤100

 deformation gradient aim       =
   1.0000040    0.0011733    0.0000150
   0.0000000    1.0000009   -0.0011029
   0.0000000    0.0000000    0.9999943

 ... evaluating constitutive response ......................................

 Piola--Kirchhoff stress       / MPa =
        0.0588        49.1843        -0.0571
       49.1848         0.1108       -49.2221
        0.0006       -49.2217         0.0303

 ... doing gamma convolution ...............................................

 ... reporting .............................................................

 error divergence =         5.94 (1.46E+05 / m, tol =  2.46E+04)
 error stress BC  =         6.36 (3.13E+05 Pa,  tol =  4.92E+04)

 ===========================================================================
 Increment 3/15-1/1 @ Iteration 1≤1≤100

 deformation gradient aim       =
   1.0000039    0.0011806    0.0000164
   0.0000000    1.0000002   -0.0011089
   0.0000000    0.0000000    0.9999945

 ... evaluating constitutive response ......................................

 Piola--Kirchhoff stress       / MPa =
        0.0004        49.5035         0.0010
       49.5041        -0.0006       -49.5019
        0.0595       -49.5016         0.0016

 ... doing gamma convolution ...............................................

 ... evaluating constitutive response ......................................

 Piola--Kirchhoff stress       / MPa =
        0.0033        49.4880        -0.0018
       49.4886         0.0048       -49.4883
        0.0566       -49.4880         0.0030

 ... doing gamma convolution ...............................................

 ... reporting .............................................................

 error divergence =         5.60 (1.39E+05 / m, tol =  2.47E+04)
 error stress BC  =         0.19 (9.49E+03 Pa,  tol =  4.95E+04)

 ===========================================================================
 Increment 3/15-1/1 @ Iteration 1≤2≤100

 deformation gradient aim       =
   1.0000039    0.0011807    0.0000164
   0.0000000    1.0000002   -0.0011091
   0.0000000    0.0000000    0.9999945

 ... evaluating constitutive response ......................................

 Piola--Kirchhoff stress       / MPa =
        0.0002        49.4917        -0.0011
       49.4924         0.0014       -49.4934
        0.0573       -49.4932        -0.0009

 ... doing gamma convolution ...............................................

 ... evaluating constitutive response ......................................

 Piola--Kirchhoff stress       / MPa =
       -0.0007        49.4968        -0.0002
       49.4975        -0.0003       -49.4979
        0.0582       -49.4976        -0.0013

 ... doing gamma convolution ...............................................

 ... reporting .............................................................

 error divergence =         0.75 (1.86E+04 / m, tol =  2.47E+04)
 error stress BC  =         0.03 (1.30E+03 Pa,  tol =  4.95E+04)

 ===========================================================================

 increment 3 converged

 ... saving results ........................................................
 saving solver data required for restart
 saving field and constitutive data required for restart

 ###########################################################################
 Time  2.66667E+02s: Increment 4/15-1/1 of load case 1/1
 Increment 4/15-1/1 @ Iteration 1≤0≤100

 deformation gradient aim       =
   1.0000051    0.0015750    0.0000223
   0.0000000    1.0000000   -0.0014793
   0.0000000    0.0000000    0.9999926

 ... evaluating constitutive response ......................................

 Piola--Kirchhoff stress       / MPa =
        0.0303        66.0338        -0.0068
       66.0349         0.0366       -66.0292
        0.0972       -66.0286         0.0319

 ... doing gamma convolution ...............................................

 ... reporting .............................................................

 error divergence =         1.48 (4.88E+04 / m, tol =  3.30E+04)
 error stress BC  =         0.56 (3.72E+04 Pa,  tol =  6.60E+04)

 ===========================================================================
 Increment 4/15-1/1 @ Iteration 1≤1≤100

 deformation gradient aim       =
   1.0000050    0.0015741    0.0000224
   0.0000000    0.9999999   -0.0014786
   0.0000000    0.0000000    0.9999925

 ... evaluating constitutive response ......................................

 Piola--Kirchhoff stress       / MPa =
       -0.0000        65.9956        -0.0005
       65.9968        -0.0000       -65.9957
        0.1034       -65.9952        -0.0003

 ... doing gamma convolution ...............................................

 ... evaluating constitutive response ......................................

 Piola--Kirchhoff stress       / MPa =
        0.0012        65.9971        -0.0007
       65.9983         0.0014       -65.9970
        0.1031       -65.9965         0.0009

 ... doing gamma convolution ...............................................

 ... reporting .............................................................

 error divergence =         0.44 (1.44E+04 / m, tol =  3.30E+04)
 error stress BC  =         0.02 (1.40E+03 Pa,  tol =  6.60E+04)

 ===========================================================================

 increment 4 converged

 ... saving results ........................................................
 saving solver data required for restart
 saving field and constitutive data required for restart

 ###########################################################################
 Time  3.33333E+02s: Increment 5/15-1/1 of load case 1/1
 Increment 5/15-1/1 @ Iteration 1≤0≤100

 deformation gradient aim       =
   1.0000061    0.0019675    0.0000285
   0.0000000    0.9999995   -0.0018481
   0.0000000    0.0000000    0.9999905

 ... evaluating constitutive response ......................................

 Piola--Kirchhoff stress       / MPa =
        0.0392        82.4629        -0.0179
       82.4647         0.0462       -82.4661
        0.1443       -82.4653         0.0356

 ... doing gamma convolution ...............................................

 ... reporting .............................................................

 error divergence =         5.37 (2.21E+05 / m, tol =  4.12E+04)
 error stress BC  =         0.56 (4.62E+04 Pa,  tol =  8.25E+04)

 ===========================================================================
 Increment 5/15-1/1 @ Iteration 1≤1≤100

 deformation gradient aim       =
   1.0000060    0.0019682    0.0000289
   0.0000000    0.9999993   -0.0018487
   0.0000000    0.0000000    0.9999904

 ... evaluating constitutive response ......................................

 Piola--Kirchhoff stress       / MPa =
        0.0006        82.4941        -0.0011
       82.4960        -0.0002       -82.4940
        0.1613       -82.4932        -0.0003

 ... doing gamma convolution ...............................................

 ... evaluating constitutive response ......................................

 Piola--Kirchhoff stress       / MPa =
       -0.0034        82.4974         0.0007
       82.4993        -0.0050       -82.4969
        0.1631       -82.4962        -0.0040

 ... doing gamma convolution ...............................................

 ... reporting .............................................................

 error divergence =         0.82 (3.40E+04 / m, tol =  4.12E+04)
 error stress BC  =         0.06 (5.03E+03 Pa,  tol =  8.25E+04)

 ===========================================================================

 increment 5 converged

 ... saving results ........................................................
 saving solver data required for restart
 saving field and constitutive data required for restart

 ###########################################################################
 Time  4.00000E+02s: Increment 6/15-1/1 of load case 1/1
 Increment 6/15-1/1 @ Iteration 1≤0≤100

 deformation gradient aim       =
   1.0000071    0.0023623    0.0000354
   0.0000000    0.9999988   -0.0022189
   0.0000000    0.0000000    0.9999884

 ... evaluating constitutive response ......................................

 Piola--Kirchhoff stress       / MPa =
        0.1214        98.6611        -0.0872
       98.6641        -0.0127       -98.6599
        0.1459       -98.6588         0.0197

 ... doing gamma convolution ...............................................

 ... reporting .............................................................

 error divergence =        55.94 (2.76E+06 / m, tol =  4.93E+04)
 error stress BC  =         3.40 (3.35E+05 Pa,  tol =  9.87E+04)

 ===========================================================================
 Increment 6/15-1/1 @ Iteration 1≤1≤100

 deformation gradient aim       =
   1.0000060    0.0023702    0.0000375
   0.0000000    0.9999994   -0.0022263
   0.0000000    0.0000000    0.9999885

 ... evaluating constitutive response ......................................

 Piola--Kirchhoff stress       / MPa =
        0.0265        98.8923        -0.0282
       98.8955        -0.0174       -98.8945
        0.2062       -98.8935        -0.0088

 ... doing gamma convolution ...............................................

 ... evaluating constitutive response ......................................

 Piola--Kirchhoff stress       / MPa =
       -0.0142        98.9905        -0.0030
       98.9938        -0.0199       -98.9943
        0.2320       -98.9933        -0.0211

 ... doing gamma convolution ...............................................

 ... reporting .............................................................

 error divergence =         9.29 (4.60E+05 / m, tol =  4.95E+04)
 error stress BC  =         0.21 (2.11E+04 Pa,  tol =  9.90E+04)

 ===========================================================================
 Increment 6/15-1/1 @ Iteration 1≤2≤100

 deformation gradient aim       =
   1.0000057    0.0023727    0.0000382
   0.0000000    0.9999996   -0.0022286
   0.0000000    0.0000000    0.9999886

 ... evaluating constitutive response ......................................

 Piola--Kirchhoff stress       / MPa =
        0.0002        98.9912        -0.0015
       98.9944        -0.0005       -98.9892
        0.2335       -98.9881        -0.0002

 ... doing gamma convolution ...............................................

 ... evaluating constitutive response ......................................

 Piola--Kirchhoff stress       / MPa =
       -0.0031        99.0012         0.0013
       99.0045         0.0007       -98.9989
        0.2363       -98.9979        -0.0001

 ... doing gamma convolution ...............................................

 ... reporting .............................................................

 error divergence =         1.76 (8.72E+04 / m, tol =  4.95E+04)
 error stress BC  =         0.06 (6.27E+03 Pa,  tol =  9.90E+04)

 ===========================================================================
 Increment 6/15-1/1 @ Iteration 1≤3≤100

 deformation gradient aim       =
   1.0000058    0.0023727    0.0000382
   0.0000000    0.9999996   -0.0022286
   0.0000000    0.0000000    0.9999886

 ... evaluating constitutive response ......................................

 Piola--Kirchhoff stress       / MPa =
       -0.0000        98.9951        -0.0002
       98.9983        -0.0001       -98.9954
        0.2348       -98.9943         0.0001

 ... doing gamma convolution ...............................................

 ... evaluating constitutive response ......................................

 Piola--Kirchhoff stress       / MPa =
        0.0006        98.9947        -0.0002
       98.9979         0.0005       -98.9949
        0.2348       -98.9938         0.0008

 ... doing gamma convolution ...............................................

 ... reporting .............................................................

 error divergence =         0.36 (1.80E+04 / m, tol =  4.95E+04)
 error stress BC  =         0.01 (8.06E+02 Pa,  tol =  9.90E+04)

 ===========================================================================

 increment 6 converged

 ... saving results ........................................................
 saving solver data required for restart
 saving field and constitutive data required for restart

 ###########################################################################
 Time  4.66667E+02s: Increment 7/15-1/1 of load case 1/1
 Increment 7/15-1/1 @ Iteration 1≤0≤100

 deformation gradient aim       =
   1.0000055    0.0027771    0.0000475
   0.0000000    0.9999999   -0.0026084
   0.0000000    0.0000000    0.9999868

 ... evaluating constitutive response ......................................

 Piola--Kirchhoff stress       / MPa =
        0.3358       114.2647        -0.2370
      114.2706        -0.1303      -114.3161
        0.0805      -114.3147        -0.0625

 ... doing gamma convolution ...............................................

 ... reporting .............................................................

 error divergence =       110.64 (6.32E+06 / m, tol =  5.72E+04)
 error stress BC  =        10.75 (1.23E+06 Pa,  tol =  1.14E+05)

 ===========================================================================
 Increment 7/15-1/1 @ Iteration 1≤1≤100

 deformation gradient aim       =
   1.0000018    0.0028072    0.0000536
   0.0000000    1.0000020   -0.0026357
   0.0000000    0.0000000    0.9999877

 ... evaluating constitutive response ......................................

 Piola--Kirchhoff stress       / MPa =
        0.1092       115.0774        -0.0944
      115.0840        -0.0671      -115.0927
        0.2287      -115.0912        -0.0458

 ... doing gamma convolution ...............................................

 ... evaluating constitutive response ......................................

 Piola--Kirchhoff stress       / MPa =
       -0.0335       115.5820        -0.0060
      115.5892        -0.0282      -115.5759
        0.3207      -115.5743        -0.0359

 ... doing gamma convolution ...............................................

 ... reporting .............................................................

 error divergence =        27.75 (1.60E+06 / m, tol =  5.78E+04)
 error stress BC  =         0.76 (8.79E+04 Pa,  tol =  1.16E+05)

 ===========================================================================
 Increment 7/15-1/1 @ Iteration 1≤2≤100

 deformation gradient aim       =
   1.0000006    0.0028153    0.0000560
   0.0000000    1.0000029   -0.0026431
   0.0000000    0.0000000    0.9999883

 ... evaluating constitutive response ......................................

 Piola--Kirchhoff stress       / MPa =
        0.0077       115.4493        -0.0152
      115.4565        -0.0032      -115.4381
        0.3108      -115.4364        -0.0071

 ... doing gamma convolution ...............................................

 ... evaluating constitutive response ......................................

 Piola--Kirchhoff stress       / MPa =
       -0.0052       115.4964        -0.0051
      115.5036         0.0056      -115.4812
        0.3213      -115.4795        -0.0019

 ... doing gamma convolution ...............................................

 ... reporting .............................................................

 error divergence =         6.87 (3.97E+05 / m, tol =  5.78E+04)
 error stress BC  =         0.11 (1.29E+04 Pa,  tol =  1.16E+05)

 ===========================================================================
 Increment 7/15-1/1 @ Iteration 1≤3≤100

 deformation gradient aim       =
   1.0000006    0.0028163    0.0000565
   0.0000000    1.0000029   -0.0026446
   0.0000000    0.0000000    0.9999884

 ... evaluating constitutive response ......................................

 Piola--Kirchhoff stress       / MPa =
       -0.0024       115.5009        -0.0009
      115.5081        -0.0000      -115.4972
        0.3256      -115.4955         0.0018

 ... doing gamma convolution ...............................................

 ... evaluating constitutive response ......................................

 Piola--Kirchhoff stress       / MPa =
        0.0001       115.4953        -0.0001
      115.5025         0.0005      -115.4945
        0.3263      -115.4928         0.0047

 ... doing gamma convolution ...............................................

 ... reporting .............................................................

 error divergence =         1.85 (1.07E+05 / m, tol =  5.78E+04)
 error stress BC  =         0.04 (4.65E+03 Pa,  tol =  1.16E+05)

 ===========================================================================
 Increment 7/15-1/1 @ Iteration 1≤4≤100

 deformation gradient aim       =
   1.0000006    0.0028161    0.0000566
   0.0000000    1.0000029   -0.0026446
   0.0000000    0.0000000    0.9999884

 ... evaluating constitutive response ......................................

 Piola--Kirchhoff stress       / MPa =
       -0.0008       115.4937         0.0002
      115.5009         0.0001      -115.4938
        0.3266      -115.4921         0.0009

 ... doing gamma convolution ...............................................

 ... evaluating constitutive response ......................................

 Piola--Kirchhoff stress       / MPa =
       -0.0006       115.4940         0.0007
      115.5012        -0.0003      -115.4947
        0.3271      -115.4930         0.0007

 ... doing gamma convolution ...............................................

 ... reporting .............................................................

 error divergence =         0.38 (2.22E+04 / m, tol =  5.78E+04)
 error stress BC  =         0.01 (7.18E+02 Pa,  tol =  1.16E+05)

 ===========================================================================

 increment 7 converged

 ... saving results ........................................................
 saving solver data required for restart
 saving field and constitutive data required for restart

 ###########################################################################
 Time  5.33333E+02s: Increment 8/15-1/1 of load case 1/1
 Increment 8/15-1/1 @ Iteration 1≤0≤100

 deformation gradient aim       =
   0.9999955    0.0032597    0.0000749
   0.0000000    1.0000062   -0.0030605
   0.0000000    0.0000000    0.9999881

 ... evaluating constitutive response ......................................

 Piola--Kirchhoff stress       / MPa =
        0.1596       129.1167        -0.3160
      129.1288         0.0307      -129.9683
        0.1076      -129.9660        -0.0829

 ... doing gamma convolution ...............................................

 ... reporting .............................................................

 error divergence =       112.23 (7.29E+06 / m, tol =  6.50E+04)
 error stress BC  =        22.13 (2.88E+06 Pa,  tol =  1.30E+05)

 ===========================================================================
 Increment 8/15-1/1 @ Iteration 1≤1≤100

 deformation gradient aim       =
   0.9999935    0.0033350    0.0000842
   0.0000000    1.0000065   -0.0031112
   0.0000000    0.0000000    0.9999891

