
 <<<+-  parallelization init  -+>>>

 Open MPI v4.1.6, package: Debian OpenMPI, ident: 4.1.6, repo rev: v4.1.6, Sep 30, 2023
 MPI standard: 3.1
 OpenMP version: 201511

 MPI processes: 1
 Could not get $OMP_NUM_THREADS, using default
 OMP_NUM_THREADS: 4

 <<<+-  CLI init  -+>>>

     _/_/_/      _/_/    _/      _/    _/_/      _/_/_/  _/    _/    _/_/_/
    _/    _/  _/    _/  _/_/  _/_/  _/    _/  _/        _/  _/            _/
   _/    _/  _/_/_/_/  _/  _/  _/  _/_/_/_/    _/_/    _/_/          _/_/
  _/    _/  _/    _/  _/      _/  _/    _/        _/  _/  _/            _/
 _/_/_/    _/    _/  _/      _/  _/    _/  _/_/_/    _/    _/    _/_/_/
 Grid solver

 F. Roters et al., Computational Materials Science 158:420–478, 2019
 https://doi.org/10.1016/j.commatsci.2018.04.030

 S. Balay et al., PETSc/TAO User Manual Revision 3.19
 https://doi.org/10.2172/1968587

 Version: v3.0.1

 Compiled with: GCC version 13.3.0
 Compiled on: Linux-6.8.0-51-generic
 Compiler options: -cpp -I /usr/lib/petscdir/petsc3.19/x86_64-linux-gnu-real/include -I /usr/include/hypre -I /usr/include/suitesparse -I /usr/include/superlu -I /usr/include/superlu-dist -I /usr/include/trilinos -I /usr/include/scotch -I /usr/include/hdf5/openmpi -I /usr/include/hdf5/serial -I /usr/include -I /usr/lib/x86_64-linux-gnu/openmpi/lib/../../fortran/gfortran-mod-15/openmpi -I /usr/lib/x86_64-linux-gnu/openmpi/lib -imultiarch x86_64-linux-gnu -D_REENTRANT -D CMAKE_SYSTEM="Linux-6.8.0-51-generic" -D DAMASKVERSION="v3.0.1" -D FYAML -D GRID -D PETSC --param=l1-cache-size=32 --param=l1-cache-line-size=64 --param=l2-cache-size=512 -mtune=znver2 -mno-omit-leaf-frame-pointer -march=x86-64 -g -O2 -O2 -Wall -Wextra -Wcharacter-truncation -Wunderflow -Wsuggest-attribute=pure -Wsuggest-attribute=noreturn -Wconversion-extra -Wunused-parameter -std=f2018 -fno-omit-frame-pointer -ffile-prefix-map=/build/damask-XEckOy/damask-3.0.1=. -flto=auto -ffat-lto-objects -fstack-protector-strong -fstack-clash-protection -fcf-protection=full -fdebug-prefix-map=/build/damask-XEckOy/damask-3.0.1=/usr/src/damask-3.0.1-6~noble -fopenmp -fPIE -ffree-line-length-none -fimplicit-none -fallow-argument-mismatch -ffpe-summary=all -fpre-include=/usr/include/finclude/x86_64-linux-gnu/math-vector-fortran.h

 Compiled on: Jan 14 2025 at 07:40:31

 PETSc version: 3.19.6

 Date: 14/11/2025
 Time: 23:11:15

 Host name: UT170340
 User name: vincent

 Command line call:      DAMASK_grid --geom /home/vincent/local_Homogenization_for_Damask/projects/template_yield_surface_postprocessing_only/input_files/Polycrystal_25_5x5x5.vti --load /home/vincent/local_Homogenization_for_Damask/projects/template_yield_surface_postprocessing_only/damask_files/yield_surface/tensile_y_z_q0_1/LOADCASE.yaml --material /home/vincent/local_Homogenization_for_Damask/projects/template_yield_surface_postprocessing_only/input_files/titanium_assigned.yaml --numerics /home/vincent/local_Homogenization_for_Damask/projects/template_yield_surface_postprocessing_only/damask_files/yield_surface/tensile_y_z_q0_1/NUMERICS.yaml --jobname template_yield_surface_postprocessing_only --workingdirectory /home/vincent/local_Homogenization_for_Damask/projects/template_yield_surface_postprocessing_only/damask_files/yield_surface/tensile_y_z_q0_1

 Working directory:      /home/vincent/local_Homogenization_for_Damask/projects/template_yield_surface_postprocessing_only/damask_files/yield_surface/tensile_y_z_q0_1
 Geometry:               ../../../input_files/Polycrystal_25_5x5x5.vti <-- /home/vincent/local_Homogenization_for_Damask/projects/template_yield_surface_postprocessing_only/input_files/Polycrystal_25_5x5x5.vti
 Load case:              LOADCASE.yaml <-- /home/vincent/local_Homogenization_for_Damask/projects/template_yield_surface_postprocessing_only/damask_files/yield_surface/tensile_y_z_q0_1/LOADCASE.yaml
 Material config:        ../../../input_files/titanium_assigned.yaml <-- /home/vincent/local_Homogenization_for_Damask/projects/template_yield_surface_postprocessing_only/input_files/titanium_assigned.yaml
 Numerics config:        NUMERICS.yaml <-- /home/vincent/local_Homogenization_for_Damask/projects/template_yield_surface_postprocessing_only/damask_files/yield_surface/tensile_y_z_q0_1/NUMERICS.yaml
 Solver job name:        template_yield_surface_postprocessing_only

 <<<+-  system_routines init  -+>>>

 <<<+-  prec init  -+>>>

 integer size / bit:   32
   maximum value:              2147483647

 real size / bit:      64
   maximum value:      0.180+309
   minimum value:      0.223-307
   epsilon value:      0.222E-15
   decimal precision:  15

 <<<+-  misc init  -+>>>

 <<<+-  IO init  -+>>>

 <<<+-  base64 init  -+>>>

 <<<+-  types init  -+>>>

 <<<+-  YAML init  -+>>>

 libfyaml powered

 <<<+-  HDF5_utilities init  -+>>>

 <<<+-  result init  -+>>>

 M. Diehl et al., Integrating Materials and Manufacturing Innovation 6(1):83–91, 2017
 https://doi.org/10.1007/s40192-017-0084-5

 <<<+-  config init  -+>>>

 reading material configuration

 reading numerics configuration

 <<<+-  math init  -+>>>

 size  of random seed:      8
 value of random seed:       1864242838  -252865782  -690595726  1467684723 -1796096381  -551937571    53555170   173324416
 start of random sequence: 
                           0.82080701194444
                           0.22377543467385
                           0.44868152689506
                           0.69396312985415

 <<<+-  rotations init  -+>>>

 D. Rowenhorst et al., Modelling and Simulation in Materials Science and Engineering 23:083501, 2015
 https://doi.org/10.1088/0965-0393/23/8/083501

 <<<+-  polynomials init  -+>>>

 <<<+-  tables init  -+>>>

 <<<+-  crystal init  -+>>>

 <<<+-  discretization_grid init  -+>>>

 cells:  5 × 5 × 5
 size:   1.00E-05 × 1.00E-05 × 1.00E-05 m³
 origin:  0.00E+00  0.00E+00  0.00E+00 m

 <<<+-  discretization init  -+>>>

 <<<+-  material init  -+>>>

 parsed material.yaml

 <<<+-  phase init  -+>>>

 phase 1: A

 references:
   - https://www.totalmateria.com/page.aspx?ID=CheckArticle&site=ktn&NM=221
   - https://en.wikipedia.org/wiki/Titanium

 <<<+-  phase:mechanical init  -+>>>

 <<<+-  phase:mechanical:elastic init  -+>>>

 <<<+-  phase:mechanical:elastic:Hooke init  -+>>>

 # phases: 1

 phase 1: A

 references:
   - E.S. Fisher and C.J. Renken, Physical Review 135(2A):A482-A494, 1964,
     https://doi.org/10.1103/PhysRev.135.A482, fit to Tab. IV (T_min=77K, 
     T_max=923K) 

 <<<+-  phase:mechanical:plasticity init  -+>>>

 <<<+-  phase:mechanical:plastic:phenopowerlaw init  -+>>>

 # phases: 1

 phase 1: A

 references:
   - C. Zambaldi et al., Journal of Materials Research 27(1):356-367, 2021,
     https://doi.org/10.1557/jmr.2011.334 
   - L. Wang et al., Acta Materialia 132:598-610, 2017,
     https://doi.org/10.1016/j.actamat.2017.05.015 

 <<<+-  phase:mechanical:eigen init  -+>>>

 <<<+-  phase:damage init  -+>>>

 <<<+-  phase:thermal init  -+>>>

 <<<+-  homogenization init  -+>>>

 <<<+-  homogenization:mechanical init  -+>>>

 <<<+-  homogenization:mechanical:pass init  -+>>>

 # homogenizations: 1

 <<<+-  homogenization:thermal init  -+>>>

 <<<+-  homogenization:damage init  -+>>>

 <<<+-  homogenization:damage:pass init  -+>>>

 <<<+-  materialpoint init  -+>>>

 deallocating material configuration

 <<<+-  DAMASK_grid init  -+>>>

 P. Shanthraj et al., Handbook of Mechanics of Materials, 2019
 https://doi.org/10.1007/978-981-10-6855-3_80

 <<<+-  spectral_utilities init  -+>>>

 M. Diehl, Diploma Thesis TU München, 2010
 https://doi.org/10.13140/2.1.3234.3840

 P. Eisenlohr et al., International Journal of Plasticity 46:37–53, 2013
 https://doi.org/10.1016/j.ijplas.2012.09.012

 P. Shanthraj et al., International Journal of Plasticity 66:31–45, 2015
 https://doi.org/10.1016/j.ijplas.2014.02.006

 P. Shanthraj et al., Handbook of Mechanics of Materials, 2019
 https://doi.org/10.1007/978-981-10-6855-3_80

 M. Frigo and S.G. Johnson, Proceedings of the IEEE 93(2):216–231, 2005
 https://doi.org/10.1109/jproc.2004.840301

 FFTW initialized

 <<<+-  grid_mechanical_spectral_basic init  -+>>>

 P. Eisenlohr et al., International Journal of Plasticity 46:37–53, 2013
 https://doi.org/10.1016/j.ijplas.2012.09.012

 P. Shanthraj et al., International Journal of Plasticity 66:31–45, 2015
 https://doi.org/10.1016/j.ijplas.2014.02.006

 ... evaluating constitutive response ......................................

 Piola--Kirchhoff stress       / MPa =
        0.0000         0.0000         0.0000
        0.0000         0.0000        -0.0000
        0.0000        -0.0000         0.0000

 deallocating numerics configuration

 ... saving initial configuration ..........................................

 load case: 1
  estimate_rate: F
  F:
       x             x             x      
     0.0000000       x             x      
     0.0000000     0.0000000       x      
  P / MPa:
        0.0000        0.0000        0.0000
       x            530.3301        0.0000
       x             x            530.3301
  r: 1 (constant step width)
  t: 1000.000
  N: 15
  f_out: 1
  f_restart: 1

 ###########################################################################
 Time  6.66667E+01s: Increment 1/15-1/1 of load case 1/1
 Increment 1/15-1/1 @ Iteration 1≤0≤100

 deformation gradient aim       =
   1.0000000    0.0000000    0.0000000
   0.0000000    1.0000000    0.0000000
   0.0000000    0.0000000    1.0000000

 ... evaluating constitutive response ......................................

 Piola--Kirchhoff stress       / MPa =
       -0.0000         0.0000         0.0000
        0.0000        -0.0000        -0.0000
        0.0000        -0.0000        -0.0000

 ... doing gamma convolution ...............................................

 ... reporting .............................................................

 error divergence =         1.24 (1.24E-04 / m, tol =  1.00E-04)
 error stress BC  =     35355.34 (3.54E+07 Pa,  tol =  1.00E+03)

 ===========================================================================
 Increment 1/15-1/1 @ Iteration 1≤1≤100

 deformation gradient aim       =
   0.9998005    0.0000015    0.0000002
   0.0000000    1.0002162    0.0000041
   0.0000000    0.0000000    1.0002035

 ... evaluating constitutive response ......................................

 Piola--Kirchhoff stress       / MPa =
        0.0067         0.0000         0.0000
       -0.0000        35.3700         0.0002
       -0.0000         0.0000        35.3693

 ... doing gamma convolution ...............................................

 ... evaluating constitutive response ......................................

 Piola--Kirchhoff stress       / MPa =
        0.0064         0.0000         0.0000
       -0.0000        34.3859         0.0002
       -0.0000         0.0000        34.3852

 ... doing gamma convolution ...............................................

 ... reporting .............................................................

 error divergence =       417.49 (7.18E+06 / m, tol =  1.72E+04)
 error stress BC  =        28.21 (9.70E+05 Pa,  tol =  3.44E+04)

 ===========================================================================
 Increment 1/15-1/1 @ Iteration 1≤2≤100

 deformation gradient aim       =
   0.9997950    0.0000015    0.0000002
   0.0000000    1.0002221    0.0000042
   0.0000000    0.0000000    1.0002091

 ... evaluating constitutive response ......................................

 Piola--Kirchhoff stress       / MPa =
        0.4223        -0.0052        -0.0268
       -0.0052        35.1764        -0.0146
       -0.0269        -0.0147        35.1328

 ... doing gamma convolution ...............................................

 ... evaluating constitutive response ......................................

 Piola--Kirchhoff stress       / MPa =
        0.4093        -0.0050        -0.0260
       -0.0051        35.6907        -0.0141
       -0.0260        -0.0143        35.6485

 ... doing gamma convolution ...............................................

 ... reporting .............................................................

 error divergence =        51.22 (9.14E+05 / m, tol =  1.78E+04)
 error stress BC  =        11.47 (4.09E+05 Pa,  tol =  3.57E+04)

 ===========================================================================
 Increment 1/15-1/1 @ Iteration 1≤3≤100

 deformation gradient aim       =
   0.9997884    0.0000018    0.0000014
   0.0000000    1.0002234    0.0000049
   0.0000000    0.0000000    1.0002111

 ... evaluating constitutive response ......................................

 Piola--Kirchhoff stress       / MPa =
        0.0079         0.0001        -0.0016
        0.0001        35.3496         0.0020
       -0.0016         0.0019        35.3477

 ... doing gamma convolution ...............................................

 ... evaluating constitutive response ......................................

 Piola--Kirchhoff stress       / MPa =
        0.0219        -0.0001        -0.0024
       -0.0001        35.3743         0.0015
       -0.0025         0.0014        35.3710

 ... doing gamma convolution ...............................................

 ... reporting .............................................................

 error divergence =         7.56 (1.34E+05 / m, tol =  1.77E+04)
 error stress BC  =         0.62 (2.19E+04 Pa,  tol =  3.54E+04)

 ===========================================================================
 Increment 1/15-1/1 @ Iteration 1≤4≤100

 deformation gradient aim       =
   0.9997882    0.0000018    0.0000015
   0.0000000    1.0002234    0.0000049
   0.0000000    0.0000000    1.0002111

 ... evaluating constitutive response ......................................

 Piola--Kirchhoff stress       / MPa =
       -0.0001        -0.0003        -0.0007
       -0.0004        35.3570         0.0008
       -0.0007         0.0007        35.3543

 ... doing gamma convolution ...............................................

 ... evaluating constitutive response ......................................

 Piola--Kirchhoff stress       / MPa =
       -0.0064        -0.0002        -0.0003
       -0.0003        35.3511         0.0011
       -0.0003         0.0009        35.3489

 ... doing gamma convolution ...............................................

 ... reporting .............................................................

 error divergence =         1.05 (1.85E+04 / m, tol =  1.77E+04)
 error stress BC  =         0.18 (6.43E+03 Pa,  tol =  3.54E+04)

 ===========================================================================
 Increment 1/15-1/1 @ Iteration 1≤5≤100

 deformation gradient aim       =
   0.9997883    0.0000018    0.0000015
   0.0000000    1.0002234    0.0000048
   0.0000000    0.0000000    1.0002112

 ... evaluating constitutive response ......................................

 Piola--Kirchhoff stress       / MPa =
       -0.0000         0.0001        -0.0001
       -0.0000        35.3553         0.0000
       -0.0002        -0.0001        35.3554

 ... doing gamma convolution ...............................................

 ... evaluating constitutive response ......................................

 Piola--Kirchhoff stress       / MPa =
       -0.0006         0.0001        -0.0001
       -0.0000        35.3548         0.0000
       -0.0001        -0.0001        35.3549

 ... doing gamma convolution ...............................................

 ... reporting .............................................................

 error divergence =         0.15 (2.57E+03 / m, tol =  1.77E+04)
 error stress BC  =         0.02 (6.11E+02 Pa,  tol =  3.54E+04)

 ===========================================================================

 increment 1 converged

 ... saving results ........................................................
 saving solver data required for restart
 saving field and constitutive data required for restart

 ###########################################################################
 Time  1.33333E+02s: Increment 2/15-1/1 of load case 1/1
 Increment 2/15-1/1 @ Iteration 1≤0≤100

 deformation gradient aim       =
   0.9995765    0.0000036    0.0000030
   0.0000000    1.0004468    0.0000097
   0.0000000    0.0000000    1.0004223

 ... evaluating constitutive response ......................................

 Piola--Kirchhoff stress       / MPa =
       -0.8558         0.0106         0.0584
        0.0104        71.9876         0.0236
        0.0582         0.0229        72.0837

 ... doing gamma convolution ...............................................

 ... reporting .............................................................

 error divergence =        12.45 (4.49E+05 / m, tol =  3.60E+04)
 error stress BC  =        19.05 (1.37E+06 Pa,  tol =  7.21E+04)

 ===========================================================================
 Increment 2/15-1/1 @ Iteration 1≤1≤100

 deformation gradient aim       =
   0.9995915    0.0000032    0.0000017
   0.0000000    1.0004367    0.0000089
   0.0000000    0.0000000    1.0004119

 ... evaluating constitutive response ......................................

 Piola--Kirchhoff stress       / MPa =
        0.0254        -0.0008        -0.0026
       -0.0011        70.6991        -0.0013
       -0.0028        -0.0019        70.6944

 ... doing gamma convolution ...............................................

 ... evaluating constitutive response ......................................

 Piola--Kirchhoff stress       / MPa =
       -0.0414         0.0000         0.0020
       -0.0002        70.7968         0.0006
        0.0019        -0.0001        70.7997

 ... doing gamma convolution ...............................................

 ... reporting .............................................................

 error divergence =        11.67 (4.13E+05 / m, tol =  3.54E+04)
 error stress BC  =         1.26 (8.91E+04 Pa,  tol =  7.08E+04)

 ===========================================================================
 Increment 2/15-1/1 @ Iteration 1≤2≤100

 deformation gradient aim       =
   0.9995920    0.0000033    0.0000017
   0.0000000    1.0004362    0.0000089
   0.0000000    0.0000000    1.0004115

 ... evaluating constitutive response ......................................

 Piola--Kirchhoff stress       / MPa =
       -0.0247         0.0008         0.0023
        0.0005        70.7199         0.0013
        0.0022         0.0007        70.7241

 ... doing gamma convolution ...............................................

 ... evaluating constitutive response ......................................

 Piola--Kirchhoff stress       / MPa =
       -0.0116         0.0006         0.0014
        0.0003        70.7015         0.0009
        0.0013         0.0003        70.7042

 ... doing gamma convolution ...............................................

 ... reporting .............................................................

 error divergence =         1.66 (5.86E+04 / m, tol =  3.54E+04)
 error stress BC  =         0.16 (1.16E+04 Pa,  tol =  7.07E+04)

 ===========================================================================
 Increment 2/15-1/1 @ Iteration 1≤3≤100

 deformation gradient aim       =
   0.9995924    0.0000032    0.0000017
   0.0000000    1.0004361    0.0000088
   0.0000000    0.0000000    1.0004113

 ... evaluating constitutive response ......................................

 Piola--Kirchhoff stress       / MPa =
       -0.0009         0.0000         0.0002
       -0.0002        70.7112        -0.0000
        0.0000        -0.0007        70.7113

 ... doing gamma convolution ...............................................

 ... evaluating constitutive response ......................................

 Piola--Kirchhoff stress       / MPa =
       -0.0009         0.0000         0.0002
       -0.0002        70.7098         0.0000
        0.0001        -0.0006        70.7100

 ... doing gamma convolution ...............................................

 ... reporting .............................................................

 error divergence =         0.22 (7.78E+03 / m, tol =  3.54E+04)
 error stress BC  =         0.01 (8.53E+02 Pa,  tol =  7.07E+04)

 ===========================================================================

 increment 2 converged

 ... saving results ........................................................
 saving solver data required for restart
 saving field and constitutive data required for restart

 ###########################################################################
 Time  2.00000E+02s: Increment 3/15-1/1 of load case 1/1
 Increment 3/15-1/1 @ Iteration 1≤0≤100

 deformation gradient aim       =
   0.9993965    0.0000047    0.0000018
   0.0000000    1.0006488    0.0000129
   0.0000000    0.0000000    1.0006114

 ... evaluating constitutive response ......................................

 Piola--Kirchhoff stress       / MPa =
        0.5533        -0.0064        -0.0359
       -0.0069       105.3212        -0.0140
       -0.0361        -0.0154       105.2600

 ... doing gamma convolution ...............................................

 ... reporting .............................................................

 error divergence =         5.50 (2.89E+05 / m, tol =  5.27E+04)
 error stress BC  =         7.65 (8.06E+05 Pa,  tol =  1.05E+05)

 ===========================================================================
 Increment 3/15-1/1 @ Iteration 1≤1≤100

 deformation gradient aim       =
   0.9993873    0.0000049    0.0000026
   0.0000000    1.0006548    0.0000133
   0.0000000    0.0000000    1.0006177

 ... evaluating constitutive response ......................................

 Piola--Kirchhoff stress       / MPa =
       -0.0168         0.0006         0.0017
        0.0001       106.0732         0.0007
        0.0015        -0.0007       106.0767

 ... doing gamma convolution ...............................................

 ... evaluating constitutive response ......................................

 Piola--Kirchhoff stress       / MPa =
        0.0284         0.0000        -0.0012
       -0.0005       106.0136        -0.0004
       -0.0015        -0.0018       106.0119

 ... doing gamma convolution ...............................................

 ... reporting .............................................................

 error divergence =         4.72 (2.50E+05 / m, tol =  5.30E+04)
 error stress BC  =         0.51 (5.41E+04 Pa,  tol =  1.06E+05)

 ===========================================================================
 Increment 3/15-1/1 @ Iteration 1≤2≤100

 deformation gradient aim       =
   0.9993869    0.0000048    0.0000026
   0.0000000    1.0006552    0.0000133
   0.0000000    0.0000000    1.0006180

 ... evaluating constitutive response ......................................

 Piola--Kirchhoff stress       / MPa =
        0.0149        -0.0005        -0.0014
       -0.0010       106.0605        -0.0008
       -0.0016        -0.0022       106.0579

 ... doing gamma convolution ...............................................

 ... evaluating constitutive response ......................................

 Piola--Kirchhoff stress       / MPa =
        0.0066        -0.0004        -0.0008
       -0.0009       106.0711        -0.0006
       -0.0011        -0.0020       106.0695

 ... doing gamma convolution ...............................................

 ... reporting .............................................................

 error divergence =         0.67 (3.57E+04 / m, tol =  5.30E+04)
 error stress BC  =         0.06 (6.58E+03 Pa,  tol =  1.06E+05)

 ===========================================================================

 increment 3 converged

 ... saving results ........................................................
 saving solver data required for restart
 saving field and constitutive data required for restart

 ###########################################################################
 Time  2.66667E+02s: Increment 4/15-1/1 of load case 1/1
 Increment 4/15-1/1 @ Iteration 1≤0≤100

 deformation gradient aim       =
   0.9991811    0.0000065    0.0000036
   0.0000000    1.0008743    0.0000179
   0.0000000    0.0000000    1.0008248

 ... evaluating constitutive response ......................................

 Piola--Kirchhoff stress       / MPa =
       -0.1058         0.0012         0.0073
        0.0003       141.6214         0.0038
        0.0068         0.0013       141.6317

 ... doing gamma convolution ...............................................

 ... reporting .............................................................

 error divergence =         1.51 (1.07E+05 / m, tol =  7.08E+04)
 error stress BC  =         1.49 (2.10E+05 Pa,  tol =  1.42E+05)

 ===========================================================================
 Increment 4/15-1/1 @ Iteration 1≤1≤100

 deformation gradient aim       =
   0.9991831    0.0000065    0.0000034
   0.0000000    1.0008728    0.0000177
   0.0000000    0.0000000    1.0008233

 ... evaluating constitutive response ......................................

 Piola--Kirchhoff stress       / MPa =
        0.0042        -0.0001        -0.0006
       -0.0011       141.4193        -0.0001
       -0.0011        -0.0026       141.4184

 ... doing gamma convolution ...............................................

 ... evaluating constitutive response ......................................

 Piola--Kirchhoff stress       / MPa =
       -0.0031        -0.0001        -0.0001
       -0.0010       141.4326         0.0001
       -0.0006        -0.0024       141.4325

 ... doing gamma convolution ...............................................

 ... reporting .............................................................

 error divergence =         0.77 (5.46E+04 / m, tol =  7.07E+04)
 error stress BC  =         0.08 (1.12E+04 Pa,  tol =  1.41E+05)

 ===========================================================================

 increment 4 converged

 ... saving results ........................................................
 saving solver data required for restart
 saving field and constitutive data required for restart

 ###########################################################################
 Time  3.33333E+02s: Increment 5/15-1/1 of load case 1/1
 Increment 5/15-1/1 @ Iteration 1≤0≤100

 deformation gradient aim       =
   0.9989797    0.0000081    0.0000043
   0.0000000    1.0010903    0.0000221
   0.0000000    0.0000000    1.0010285

 ... evaluating constitutive response ......................................

 Piola--Kirchhoff stress       / MPa =
        0.0543        -0.0001        -0.0017
       -0.0016       176.7374        -0.0009
       -0.0025        -0.0048       176.7331

 ... doing gamma convolution ...............................................

 ... reporting .............................................................

 error divergence =         1.82 (1.61E+05 / m, tol =  8.84E+04)
 error stress BC  =         0.31 (5.43E+04 Pa,  tol =  1.77E+05)

 ===========================================================================
 Increment 5/15-1/1 @ Iteration 1≤1≤100

 deformation gradient aim       =
   0.9989790    0.0000081    0.0000043
   0.0000000    1.0010907    0.0000221
   0.0000000    0.0000000    1.0010289

 ... evaluating constitutive response ......................................

 Piola--Kirchhoff stress       / MPa =
       -0.0090         0.0002         0.0008
       -0.0012       176.7805         0.0006
        0.0000        -0.0033       176.7816

 ... doing gamma convolution ...............................................

 ... evaluating constitutive response ......................................

 Piola--Kirchhoff stress       / MPa =
        0.0004         0.0002         0.0004
       -0.0013       176.7741         0.0004
       -0.0004        -0.0036       176.7744

 ... doing gamma convolution ...............................................

 ... reporting .............................................................

 error divergence =         0.19 (1.65E+04 / m, tol =  8.84E+04)
 error stress BC  =         0.01 (2.64E+03 Pa,  tol =  1.77E+05)

 ===========================================================================

 increment 5 converged

 ... saving results ........................................................
 saving solver data required for restart
 saving field and constitutive data required for restart

 ###########################################################################
 Time  4.00000E+02s: Increment 6/15-1/1 of load case 1/1
 Increment 6/15-1/1 @ Iteration 1≤0≤100

 deformation gradient aim       =
   0.9987749    0.0000097    0.0000051
   0.0000000    1.0013086    0.0000265
   0.0000000    0.0000000    1.0012344

 ... evaluating constitutive response ......................................

 Piola--Kirchhoff stress       / MPa =
        0.0797        -0.0001         0.0016
       -0.0022       212.1284        -0.0147
        0.0005        -0.0203       212.1554

 ... doing gamma convolution ...............................................

 ... reporting .............................................................

 error divergence =         3.24 (3.44E+05 / m, tol =  1.06E+05)
 error stress BC  =         0.38 (7.97E+04 Pa,  tol =  2.12E+05)

 ===========================================================================
 Increment 6/15-1/1 @ Iteration 1≤1≤100

 deformation gradient aim       =
   0.9987742    0.0000097    0.0000051
   0.0000000    1.0013089    0.0000269
   0.0000000    0.0000000    1.0012344

 ... evaluating constitutive response ......................................

 Piola--Kirchhoff stress       / MPa =
        0.0128         0.0002         0.0001
       -0.0019       212.1247        -0.0018
       -0.0010        -0.0075       212.1272

 ... doing gamma convolution ...............................................

 ... evaluating constitutive response ......................................

 Piola--Kirchhoff stress       / MPa =
        0.0039         0.0002        -0.0001
       -0.0018       212.1244        -0.0001
       -0.0012        -0.0058       212.1237

 ... doing gamma convolution ...............................................

 ... reporting .............................................................

 error divergence =         0.54 (5.71E+04 / m, tol =  1.06E+05)
 error stress BC  =         0.04 (8.38E+03 Pa,  tol =  2.12E+05)

 ===========================================================================

 increment 6 converged

 ... saving results ........................................................
 saving solver data required for restart
 saving field and constitutive data required for restart

 ###########################################################################
 Time  4.66667E+02s: Increment 7/15-1/1 of load case 1/1
 Increment 7/15-1/1 @ Iteration 1≤0≤100

 deformation gradient aim       =
   0.9985690    0.0000113    0.0000059
   0.0000000    1.0015274    0.0000317
   0.0000000    0.0000000    1.0014402

 ... evaluating constitutive response ......................................

 Piola--Kirchhoff stress       / MPa =
        0.7557         0.0007         0.0214
       -0.0021       246.9720        -0.1158
        0.0200        -0.1236       247.3106

 ... doing gamma convolution ...............................................

 ... reporting .............................................................

 error divergence =        21.97 (2.72E+06 / m, tol =  1.24E+05)
 error stress BC  =         3.06 (7.56E+05 Pa,  tol =  2.47E+05)

 ===========================================================================
 Increment 7/15-1/1 @ Iteration 1≤1≤100

 deformation gradient aim       =
   0.9985603    0.0000113    0.0000054
   0.0000000    1.0015338    0.0000344
   0.0000000    0.0000000    1.0014424

 ... evaluating constitutive response ......................................

 Piola--Kirchhoff stress       / MPa =
        0.2271         0.0037         0.0094
        0.0009       247.3288        -0.0362
        0.0080        -0.0447       247.4183

 ... doing gamma convolution ...............................................

 ... evaluating constitutive response ......................................

 Piola--Kirchhoff stress       / MPa =
       -0.0458         0.0053         0.0032
        0.0025       247.5125         0.0048
        0.0020        -0.0040       247.4736

 ... doing gamma convolution ...............................................

 ... reporting .............................................................

 error divergence =         4.75 (5.88E+05 / m, tol =  1.24E+05)
 error stress BC  =         0.19 (4.58E+04 Pa,  tol =  2.48E+05)

 ===========================================================================
 Increment 7/15-1/1 @ Iteration 1≤2≤100

 deformation gradient aim       =
   0.9985580    0.0000111    0.0000051
   0.0000000    1.0015353    0.0000351
   0.0000000    0.0000000    1.0014432

 ... evaluating constitutive response ......................................

 Piola--Kirchhoff stress       / MPa =
        0.0073         0.0013         0.0001
       -0.0015       247.4783        -0.0019
       -0.0011        -0.0107       247.4875

 ... doing gamma convolution ...............................................

 ... evaluating constitutive response ......................................

 Piola--Kirchhoff stress       / MPa =
       -0.0128         0.0010        -0.0009
       -0.0018       247.4920         0.0009
       -0.0022        -0.0080       247.4946

 ... doing gamma convolution ...............................................

 ... reporting .............................................................

 error divergence =         1.29 (1.60E+05 / m, tol =  1.24E+05)
 error stress BC  =         0.05 (1.28E+04 Pa,  tol =  2.47E+05)

 ===========================================================================
 Increment 7/15-1/1 @ Iteration 1≤3≤100

 deformation gradient aim       =
   0.9985581    0.0000111    0.0000052
   0.0000000    1.0015353    0.0000351
   0.0000000    0.0000000    1.0014431

 ... evaluating constitutive response ......................................

 Piola--Kirchhoff stress       / MPa =
       -0.0007         0.0000         0.0001
       -0.0028       247.4887         0.0006
       -0.0012        -0.0082       247.4871

 ... doing gamma convolution ...............................................

 ... evaluating constitutive response ......................................

 Piola--Kirchhoff stress       / MPa =
        0.0036        -0.0005         0.0000
       -0.0032       247.4868         0.0004
       -0.0012        -0.0085       247.4871

 ... doing gamma convolution ...............................................

 ... reporting .............................................................

 error divergence =         0.29 (3.57E+04 / m, tol =  1.24E+05)
 error stress BC  =         0.01 (3.58E+03 Pa,  tol =  2.47E+05)

 ===========================================================================

 increment 7 converged

 ... saving results ........................................................
 saving solver data required for restart
 saving field and constitutive data required for restart

 ###########################################################################
 Time  5.33333E+02s: Increment 8/15-1/1 of load case 1/1
 Increment 8/15-1/1 @ Iteration 1≤0≤100

 deformation gradient aim       =
   0.9983421    0.0000125    0.0000052
   0.0000000    1.0017616    0.0000433
   0.0000000    0.0000000    1.0016517

 ... evaluating constitutive response ......................................

 Piola--Kirchhoff stress       / MPa =
        2.8994        -0.0192        -0.0015
       -0.0229       280.8459        -0.2787
       -0.0030        -0.2909       281.9499

 ... doing gamma convolution ...............................................

 ... reporting .............................................................

 error divergence =        47.89 (6.75E+06 / m, tol =  1.41E+05)
 error stress BC  =        10.28 (2.90E+06 Pa,  tol =  2.82E+05)

 ===========================================================================
 Increment 8/15-1/1 @ Iteration 1≤1≤100

 deformation gradient aim       =
   0.9983057    0.0000132    0.0000051
   0.0000000    1.0017873    0.0000505
   0.0000000    0.0000000    1.0016623

 ... evaluating constitutive response ......................................

 Piola--Kirchhoff stress       / MPa =
        1.0341         0.0030        -0.0013
       -0.0008       282.1601        -0.0967
       -0.0028        -0.1110       282.4778

 ... doing gamma convolution ...............................................

 ... evaluating constitutive response ......................................

 Piola--Kirchhoff stress       / MPa =
       -0.4190         0.0211        -0.0029
        0.0173       283.1857         0.0463
       -0.0043         0.0304       282.8842

 ... doing gamma convolution ...............................................

 ... reporting .............................................................

 error divergence =        19.65 (2.78E+06 / m, tol =  1.42E+05)
 error stress BC  =         1.48 (4.19E+05 Pa,  tol =  2.83E+05)

 ===========================================================================
 Increment 8/15-1/1 @ Iteration 1≤2≤100

 deformation gradient aim       =
   0.9982979    0.0000127    0.0000052
   0.0000000    1.0017917    0.0000519
   0.0000000    0.0000000    1.0016659

 ... evaluating constitutive response ......................................

 Piola--Kirchhoff stress       / MPa =
        0.1926         0.0036        -0.0018
       -0.0002       282.6931        -0.0278
       -0.0033        -0.0434       282.7911

 ... doing gamma convolution ...............................................

 ... evaluating constitutive response ......................................

 Piola--Kirchhoff stress       / MPa =
        0.0399         0.0044        -0.0021
        0.0007       282.7921        -0.0146
       -0.0036        -0.0305       282.8450

 ... doing gamma convolution ...............................................

 ... reporting .............................................................

 error divergence =         6.84 (9.67E+05 / m, tol =  1.41E+05)
 error stress BC  =         0.18 (5.07E+04 Pa,  tol =  2.83E+05)

 ===========================================================================
 Increment 8/15-1/1 @ Iteration 1≤3≤100

 deformation gradient aim       =
   0.9982949    0.0000125    0.0000053
   0.0000000    1.0017942    0.0000529
   0.0000000    0.0000000    1.0016665

 ... evaluating constitutive response ......................................

 Piola--Kirchhoff stress       / MPa =
       -0.0118         0.0013         0.0018
       -0.0025       282.8466         0.0012
        0.0003        -0.0147       282.8499

 ... doing gamma convolution ...............................................

 ... evaluating constitutive response ......................................

 Piola--Kirchhoff stress       / MPa =
        0.0019        -0.0017         0.0039
       -0.0054       282.8374         0.0026
        0.0024        -0.0133       282.8515

 ... doing gamma convolution ...............................................

 ... reporting .............................................................

 error divergence =         2.40 (3.39E+05 / m, tol =  1.41E+05)
 error stress BC  =         0.03 (8.79E+03 Pa,  tol =  2.83E+05)

 ===========================================================================
 Increment 8/15-1/1 @ Iteration 1≤4≤100

 deformation gradient aim       =
   0.9982950    0.0000125    0.0000052
   0.0000000    1.0017942    0.0000528
   0.0000000    0.0000000    1.0016663

