
 <<<+-  parallelization init  -+>>>

 Open MPI v4.1.6, package: Debian OpenMPI, ident: 4.1.6, repo rev: v4.1.6, Sep 30, 2023
 MPI standard: 3.1
 OpenMP version: 201511

 MPI processes: 1
 Could not get $OMP_NUM_THREADS, using default
 OMP_NUM_THREADS: 4

 <<<+-  CLI init  -+>>>

     _/_/_/      _/_/    _/      _/    _/_/      _/_/_/  _/    _/    _/_/_/
    _/    _/  _/    _/  _/_/  _/_/  _/    _/  _/        _/  _/            _/
   _/    _/  _/_/_/_/  _/  _/  _/  _/_/_/_/    _/_/    _/_/          _/_/
  _/    _/  _/    _/  _/      _/  _/    _/        _/  _/  _/            _/
 _/_/_/    _/    _/  _/      _/  _/    _/  _/_/_/    _/    _/    _/_/_/
 Grid solver

 F. Roters et al., Computational Materials Science 158:420–478, 2019
 https://doi.org/10.1016/j.commatsci.2018.04.030

 S. Balay et al., PETSc/TAO User Manual Revision 3.19
 https://doi.org/10.2172/1968587

 Version: v3.0.1

 Compiled with: GCC version 13.3.0
 Compiled on: Linux-6.8.0-51-generic
 Compiler options: -cpp -I /usr/lib/petscdir/petsc3.19/x86_64-linux-gnu-real/include -I /usr/include/hypre -I /usr/include/suitesparse -I /usr/include/superlu -I /usr/include/superlu-dist -I /usr/include/trilinos -I /usr/include/scotch -I /usr/include/hdf5/openmpi -I /usr/include/hdf5/serial -I /usr/include -I /usr/lib/x86_64-linux-gnu/openmpi/lib/../../fortran/gfortran-mod-15/openmpi -I /usr/lib/x86_64-linux-gnu/openmpi/lib -imultiarch x86_64-linux-gnu -D_REENTRANT -D CMAKE_SYSTEM="Linux-6.8.0-51-generic" -D DAMASKVERSION="v3.0.1" -D FYAML -D GRID -D PETSC --param=l1-cache-size=32 --param=l1-cache-line-size=64 --param=l2-cache-size=512 -mtune=znver2 -mno-omit-leaf-frame-pointer -march=x86-64 -g -O2 -O2 -Wall -Wextra -Wcharacter-truncation -Wunderflow -Wsuggest-attribute=pure -Wsuggest-attribute=noreturn -Wconversion-extra -Wunused-parameter -std=f2018 -fno-omit-frame-pointer -ffile-prefix-map=/build/damask-XEckOy/damask-3.0.1=. -flto=auto -ffat-lto-objects -fstack-protector-strong -fstack-clash-protection -fcf-protection=full -fdebug-prefix-map=/build/damask-XEckOy/damask-3.0.1=/usr/src/damask-3.0.1-6~noble -fopenmp -fPIE -ffree-line-length-none -fimplicit-none -fallow-argument-mismatch -ffpe-summary=all -fpre-include=/usr/include/finclude/x86_64-linux-gnu/math-vector-fortran.h

 Compiled on: Jan 14 2025 at 07:40:31

 PETSc version: 3.19.6

 Date: 14/11/2025
 Time: 23:08:48

 Host name: UT170340
 User name: vincent

 Command line call:      DAMASK_grid --geom /home/vincent/local_Homogenization_for_Damask/projects/template_yield_surface_postprocessing_only/input_files/Polycrystal_25_5x5x5.vti --load /home/vincent/local_Homogenization_for_Damask/projects/template_yield_surface_postprocessing_only/damask_files/yield_surface/shear_xy_xz_q0_1/LOADCASE.yaml --material /home/vincent/local_Homogenization_for_Damask/projects/template_yield_surface_postprocessing_only/input_files/titanium_assigned.yaml --numerics /home/vincent/local_Homogenization_for_Damask/projects/template_yield_surface_postprocessing_only/damask_files/yield_surface/shear_xy_xz_q0_1/NUMERICS.yaml --jobname template_yield_surface_postprocessing_only --workingdirectory /home/vincent/local_Homogenization_for_Damask/projects/template_yield_surface_postprocessing_only/damask_files/yield_surface/shear_xy_xz_q0_1

 Working directory:      /home/vincent/local_Homogenization_for_Damask/projects/template_yield_surface_postprocessing_only/damask_files/yield_surface/shear_xy_xz_q0_1
 Geometry:               ../../../input_files/Polycrystal_25_5x5x5.vti <-- /home/vincent/local_Homogenization_for_Damask/projects/template_yield_surface_postprocessing_only/input_files/Polycrystal_25_5x5x5.vti
 Load case:              LOADCASE.yaml <-- /home/vincent/local_Homogenization_for_Damask/projects/template_yield_surface_postprocessing_only/damask_files/yield_surface/shear_xy_xz_q0_1/LOADCASE.yaml
 Material config:        ../../../input_files/titanium_assigned.yaml <-- /home/vincent/local_Homogenization_for_Damask/projects/template_yield_surface_postprocessing_only/input_files/titanium_assigned.yaml
 Numerics config:        NUMERICS.yaml <-- /home/vincent/local_Homogenization_for_Damask/projects/template_yield_surface_postprocessing_only/damask_files/yield_surface/shear_xy_xz_q0_1/NUMERICS.yaml
 Solver job name:        template_yield_surface_postprocessing_only

 <<<+-  system_routines init  -+>>>

 <<<+-  prec init  -+>>>

 integer size / bit:   32
   maximum value:              2147483647

 real size / bit:      64
   maximum value:      0.180+309
   minimum value:      0.223-307
   epsilon value:      0.222E-15
   decimal precision:  15

 <<<+-  misc init  -+>>>

 <<<+-  IO init  -+>>>

 <<<+-  base64 init  -+>>>

 <<<+-  types init  -+>>>

 <<<+-  YAML init  -+>>>

 libfyaml powered

 <<<+-  HDF5_utilities init  -+>>>

 <<<+-  result init  -+>>>

 M. Diehl et al., Integrating Materials and Manufacturing Innovation 6(1):83–91, 2017
 https://doi.org/10.1007/s40192-017-0084-5

 <<<+-  config init  -+>>>

 reading material configuration

 reading numerics configuration

 <<<+-  math init  -+>>>

 size  of random seed:      8
 value of random seed:       1836309820 -1284611260  -740361909 -1487373751 -1329530122   971242491  -500056821   364894076
 start of random sequence: 
                           0.11579481737884
                           0.62381780808054
                           0.57356263632112
                           0.12389411670985

 <<<+-  rotations init  -+>>>

 D. Rowenhorst et al., Modelling and Simulation in Materials Science and Engineering 23:083501, 2015
 https://doi.org/10.1088/0965-0393/23/8/083501

 <<<+-  polynomials init  -+>>>

 <<<+-  tables init  -+>>>

 <<<+-  crystal init  -+>>>

 <<<+-  discretization_grid init  -+>>>

 cells:  5 × 5 × 5
 size:   1.00E-05 × 1.00E-05 × 1.00E-05 m³
 origin:  0.00E+00  0.00E+00  0.00E+00 m

 <<<+-  discretization init  -+>>>

 <<<+-  material init  -+>>>

 parsed material.yaml

 <<<+-  phase init  -+>>>

 phase 1: A

 references:
   - https://www.totalmateria.com/page.aspx?ID=CheckArticle&site=ktn&NM=221
   - https://en.wikipedia.org/wiki/Titanium

 <<<+-  phase:mechanical init  -+>>>

 <<<+-  phase:mechanical:elastic init  -+>>>

 <<<+-  phase:mechanical:elastic:Hooke init  -+>>>

 # phases: 1

 phase 1: A

 references:
   - E.S. Fisher and C.J. Renken, Physical Review 135(2A):A482-A494, 1964,
     https://doi.org/10.1103/PhysRev.135.A482, fit to Tab. IV (T_min=77K, 
     T_max=923K) 

 <<<+-  phase:mechanical:plasticity init  -+>>>

 <<<+-  phase:mechanical:plastic:phenopowerlaw init  -+>>>

 # phases: 1

 phase 1: A

 references:
   - C. Zambaldi et al., Journal of Materials Research 27(1):356-367, 2021,
     https://doi.org/10.1557/jmr.2011.334 
   - L. Wang et al., Acta Materialia 132:598-610, 2017,
     https://doi.org/10.1016/j.actamat.2017.05.015 

 <<<+-  phase:mechanical:eigen init  -+>>>

 <<<+-  phase:damage init  -+>>>

 <<<+-  phase:thermal init  -+>>>

 <<<+-  homogenization init  -+>>>

 <<<+-  homogenization:mechanical init  -+>>>

 <<<+-  homogenization:mechanical:pass init  -+>>>

 # homogenizations: 1

 <<<+-  homogenization:thermal init  -+>>>

 <<<+-  homogenization:damage init  -+>>>

 <<<+-  homogenization:damage:pass init  -+>>>

 <<<+-  materialpoint init  -+>>>

 deallocating material configuration

 <<<+-  DAMASK_grid init  -+>>>

 P. Shanthraj et al., Handbook of Mechanics of Materials, 2019
 https://doi.org/10.1007/978-981-10-6855-3_80

 <<<+-  spectral_utilities init  -+>>>

 M. Diehl, Diploma Thesis TU München, 2010
 https://doi.org/10.13140/2.1.3234.3840

 P. Eisenlohr et al., International Journal of Plasticity 46:37–53, 2013
 https://doi.org/10.1016/j.ijplas.2012.09.012

 P. Shanthraj et al., International Journal of Plasticity 66:31–45, 2015
 https://doi.org/10.1016/j.ijplas.2014.02.006

 P. Shanthraj et al., Handbook of Mechanics of Materials, 2019
 https://doi.org/10.1007/978-981-10-6855-3_80

 M. Frigo and S.G. Johnson, Proceedings of the IEEE 93(2):216–231, 2005
 https://doi.org/10.1109/jproc.2004.840301

 FFTW initialized

 <<<+-  grid_mechanical_spectral_basic init  -+>>>

 P. Eisenlohr et al., International Journal of Plasticity 46:37–53, 2013
 https://doi.org/10.1016/j.ijplas.2012.09.012

 P. Shanthraj et al., International Journal of Plasticity 66:31–45, 2015
 https://doi.org/10.1016/j.ijplas.2014.02.006

 ... evaluating constitutive response ......................................

 Piola--Kirchhoff stress       / MPa =
        0.0000         0.0000         0.0000
        0.0000         0.0000        -0.0000
        0.0000        -0.0000         0.0000

 deallocating numerics configuration

 ... saving initial configuration ..........................................

 load case: 1
  estimate_rate: F
  F:
       x             x             x      
     0.0000000       x             x      
     0.0000000     0.0000000       x      
  P / MPa:
        0.0000      247.4874      247.4874
       x              0.0000        0.0000
       x             x              0.0000
  r: 1 (constant step width)
  t: 1000.000
  N: 15
  f_out: 1
  f_restart: 1

 ###########################################################################
 Time  6.66667E+01s: Increment 1/15-1/1 of load case 1/1
 Increment 1/15-1/1 @ Iteration 1≤0≤100

 deformation gradient aim       =
   1.0000000    0.0000000    0.0000000
   0.0000000    1.0000000    0.0000000
   0.0000000    0.0000000    1.0000000

 ... evaluating constitutive response ......................................

 Piola--Kirchhoff stress       / MPa =
       -0.0000         0.0000         0.0000
        0.0000        -0.0000        -0.0000
        0.0000        -0.0000        -0.0000

 ... doing gamma convolution ...............................................

 ... reporting .............................................................

 error divergence =         1.24 (1.24E-04 / m, tol =  1.00E-04)
 error stress BC  =     16499.16 (1.65E+07 Pa,  tol =  1.00E+03)

 ===========================================================================
 Increment 1/15-1/1 @ Iteration 1≤1≤100

 deformation gradient aim       =
   0.9999993    0.0003868    0.0003722
   0.0000000    1.0000024   -0.0000037
   0.0000000    0.0000000    0.9999984

 ... evaluating constitutive response ......................................

 Piola--Kirchhoff stress       / MPa =
        0.0239        16.4991        16.4992
       16.4991         0.0177         0.0065
       16.4992         0.0065         0.0173

 ... doing gamma convolution ...............................................

 ... evaluating constitutive response ......................................

 Piola--Kirchhoff stress       / MPa =
        0.0231        16.2292        16.2293
       16.2292         0.0171         0.0063
       16.2293         0.0063         0.0167

 ... doing gamma convolution ...............................................

 ... reporting .............................................................

 error divergence =      1034.85 (8.40E+06 / m, tol =  8.11E+03)
 error stress BC  =        16.63 (2.70E+05 Pa,  tol =  1.62E+04)

 ===========================================================================
 Increment 1/15-1/1 @ Iteration 1≤2≤100

 deformation gradient aim       =
   0.9999991    0.0003932    0.0003783
   0.0000000    1.0000024   -0.0000041
   0.0000000    0.0000000    0.9999983

 ... evaluating constitutive response ......................................

 Piola--Kirchhoff stress       / MPa =
        0.0395        16.1697        16.2290
       16.1697         0.0586        -0.0012
       16.2290        -0.0012        -0.0813

 ... doing gamma convolution ...............................................

 ... evaluating constitutive response ......................................

 Piola--Kirchhoff stress       / MPa =
        0.0403        16.4663        16.5254
       16.4663         0.0591        -0.0010
       16.5254        -0.0010        -0.0803

 ... doing gamma convolution ...............................................

 ... reporting .............................................................

 error divergence =       120.07 (9.92E+05 / m, tol =  8.26E+03)
 error stress BC  =         4.86 (8.03E+04 Pa,  tol =  1.65E+04)

 ===========================================================================
 Increment 1/15-1/1 @ Iteration 1≤3≤100

 deformation gradient aim       =
   0.9999983    0.0004016    0.0003838
   0.0000000    1.0000012   -0.0000040
   0.0000000    0.0000000    1.0000001

 ... evaluating constitutive response ......................................

 Piola--Kirchhoff stress       / MPa =
       -0.0004        16.4968        16.4898
       16.4968         0.0009         0.0042
       16.4898         0.0042        -0.0020

 ... doing gamma convolution ...............................................

 ... evaluating constitutive response ......................................

 Piola--Kirchhoff stress       / MPa =
       -0.0001        16.5020        16.4960
       16.5020         0.0016         0.0041
       16.4960         0.0041        -0.0036

 ... doing gamma convolution ...............................................

 ... reporting .............................................................

 error divergence =        18.98 (1.57E+05 / m, tol =  8.25E+03)
 error stress BC  =         0.25 (4.12E+03 Pa,  tol =  1.65E+04)

 ===========================================================================
 Increment 1/15-1/1 @ Iteration 1≤4≤100

 deformation gradient aim       =
   0.9999983    0.0004016    0.0003841
   0.0000000    1.0000012   -0.0000042
   0.0000000    0.0000000    1.0000001

 ... evaluating constitutive response ......................................

 Piola--Kirchhoff stress       / MPa =
        0.0011        16.4991        16.4996
       16.4991         0.0006         0.0004
       16.4996         0.0004        -0.0015

 ... doing gamma convolution ...............................................

 ... evaluating constitutive response ......................................

 Piola--Kirchhoff stress       / MPa =
        0.0005        16.4995        16.4989
       16.4994        -0.0004         0.0005
       16.4989         0.0005        -0.0003

 ... doing gamma convolution ...............................................

 ... reporting .............................................................

 error divergence =         2.71 (2.24E+04 / m, tol =  8.25E+03)
 error stress BC  =         0.03 (5.02E+02 Pa,  tol =  1.65E+04)

 ===========================================================================
 Increment 1/15-1/1 @ Iteration 1≤5≤100

 deformation gradient aim       =
   0.9999983    0.0004016    0.0003841
   0.0000000    1.0000012   -0.0000042
   0.0000000    0.0000000    1.0000002

 ... evaluating constitutive response ......................................

 Piola--Kirchhoff stress       / MPa =
       -0.0000        16.4992        16.4992
       16.4992         0.0000         0.0001
       16.4992         0.0001        -0.0000

 ... doing gamma convolution ...............................................

 ... evaluating constitutive response ......................................

 Piola--Kirchhoff stress       / MPa =
        0.0000        16.4991        16.4992
       16.4991        -0.0000        -0.0000
       16.4992        -0.0000         0.0000

 ... doing gamma convolution ...............................................

 ... reporting .............................................................

 error divergence =         0.39 (3.20E+03 / m, tol =  8.25E+03)
 error stress BC  =         0.00 (5.59E+01 Pa,  tol =  1.65E+04)

 ===========================================================================

 increment 1 converged

 ... saving results ........................................................
 saving solver data required for restart
 saving field and constitutive data required for restart

 ###########################################################################
 Time  1.33333E+02s: Increment 2/15-1/1 of load case 1/1
 Increment 2/15-1/1 @ Iteration 1≤0≤100

 deformation gradient aim       =
   0.9999966    0.0008033    0.0007682
   0.0000000    1.0000024   -0.0000085
   0.0000000    0.0000000    1.0000003

 ... evaluating constitutive response ......................................

 Piola--Kirchhoff stress       / MPa =
       -0.0732        33.5891        33.4855
       33.5891        -0.1135        -0.0053
       33.4855        -0.0053         0.1712

 ... doing gamma convolution ...............................................

 ... reporting .............................................................

 error divergence =        17.39 (2.92E+05 / m, tol =  1.68E+04)
 error stress BC  =        17.59 (5.91E+05 Pa,  tol =  3.36E+04)

 ===========================================================================
 Increment 2/15-1/1 @ Iteration 1≤1≤100

 deformation gradient aim       =
   0.9999973    0.0007894    0.0007572
   0.0000000    1.0000035   -0.0000083
   0.0000000    0.0000000    0.9999985

 ... evaluating constitutive response ......................................

 Piola--Kirchhoff stress       / MPa =
        0.0013        32.9864        32.9895
       32.9863         0.0022        -0.0004
       32.9895        -0.0004        -0.0066

 ... doing gamma convolution ...............................................

 ... evaluating constitutive response ......................................

 Piola--Kirchhoff stress       / MPa =
       -0.0026        33.0180        33.0155
       33.0179        -0.0039        -0.0006
       33.0155        -0.0006         0.0027

 ... doing gamma convolution ...............................................

 ... reporting .............................................................

 error divergence =        16.38 (2.70E+05 / m, tol =  1.65E+04)
 error stress BC  =         0.60 (1.97E+04 Pa,  tol =  3.30E+04)

 ===========================================================================
 Increment 2/15-1/1 @ Iteration 1≤2≤100

 deformation gradient aim       =
   0.9999973    0.0007892    0.0007570
   0.0000000    1.0000035   -0.0000083
   0.0000000    0.0000000    0.9999985

 ... evaluating constitutive response ......................................

 Piola--Kirchhoff stress       / MPa =
       -0.0027        33.0094        33.0062
       33.0094        -0.0033         0.0000
       33.0063         0.0001         0.0049

 ... doing gamma convolution ...............................................

 ... evaluating constitutive response ......................................

 Piola--Kirchhoff stress       / MPa =
       -0.0015        32.9992        32.9978
       32.9992        -0.0013         0.0001
       32.9979         0.0001         0.0019

 ... doing gamma convolution ...............................................

 ... reporting .............................................................

 error divergence =         2.04 (3.37E+04 / m, tol =  1.65E+04)
 error stress BC  =         0.06 (1.90E+03 Pa,  tol =  3.30E+04)

 ===========================================================================
 Increment 2/15-1/1 @ Iteration 1≤3≤100

 deformation gradient aim       =
   0.9999974    0.0007890    0.0007568
   0.0000000    1.0000036   -0.0000083
   0.0000000    0.0000000    0.9999984

 ... evaluating constitutive response ......................................

 Piola--Kirchhoff stress       / MPa =
        0.0001        32.9986        32.9987
       32.9985        -0.0001        -0.0001
       32.9988        -0.0001         0.0002

 ... doing gamma convolution ...............................................

 ... evaluating constitutive response ......................................

 Piola--Kirchhoff stress       / MPa =
        0.0001        32.9982        32.9984
       32.9982        -0.0001        -0.0001
       32.9985        -0.0001         0.0002

 ... doing gamma convolution ...............................................

 ... reporting .............................................................

 error divergence =         0.31 (5.17E+03 / m, tol =  1.65E+04)
 error stress BC  =         0.00 (1.56E+02 Pa,  tol =  3.30E+04)

 ===========================================================================

 increment 2 converged

 ... saving results ........................................................
 saving solver data required for restart
 saving field and constitutive data required for restart

 ###########################################################################
 Time  2.00000E+02s: Increment 3/15-1/1 of load case 1/1
 Increment 3/15-1/1 @ Iteration 1≤0≤100

 deformation gradient aim       =
   0.9999965    0.0011763    0.0011296
   0.0000000    1.0000059   -0.0000123
   0.0000000    0.0000000    0.9999967

 ... evaluating constitutive response ......................................

 Piola--Kirchhoff stress       / MPa =
        0.1182        49.1623        49.2213
       49.1620         0.1220         0.0238
       49.2213         0.0238        -0.0408

 ... doing gamma convolution ...............................................

 ... reporting .............................................................

 error divergence =         6.65 (1.64E+05 / m, tol =  2.46E+04)
 error stress BC  =         6.81 (3.35E+05 Pa,  tol =  4.92E+04)

 ===========================================================================
 Increment 3/15-1/1 @ Iteration 1≤1≤100

 deformation gradient aim       =
   0.9999957    0.0011841    0.0011358
   0.0000000    1.0000052   -0.0000128
   0.0000000    0.0000000    0.9999976

 ... evaluating constitutive response ......................................

 Piola--Kirchhoff stress       / MPa =
       -0.0010        49.5043        49.5025
       49.5041        -0.0013        -0.0001
       49.5025        -0.0001         0.0039

 ... doing gamma convolution ...............................................

 ... evaluating constitutive response ......................................

 Piola--Kirchhoff stress       / MPa =
        0.0053        49.4862        49.4876
       49.4860         0.0052         0.0012
       49.4877         0.0012         0.0015

 ... doing gamma convolution ...............................................

 ... reporting .............................................................

 error divergence =         6.21 (1.54E+05 / m, tol =  2.47E+04)
 error stress BC  =         0.23 (1.13E+04 Pa,  tol =  4.95E+04)

 ===========================================================================
 Increment 3/15-1/1 @ Iteration 1≤2≤100

 deformation gradient aim       =
   0.9999957    0.0011842    0.0011359
   0.0000000    1.0000052   -0.0000129
   0.0000000    0.0000000    0.9999976

 ... evaluating constitutive response ......................................

 Piola--Kirchhoff stress       / MPa =
        0.0018        49.4911        49.4930
       49.4910         0.0018         0.0002
       49.4931         0.0002        -0.0029

 ... doing gamma convolution ...............................................

 ... evaluating constitutive response ......................................

 Piola--Kirchhoff stress       / MPa =
       -0.0002        49.4969        49.4978
       49.4967        -0.0003        -0.0002
       49.4979        -0.0002        -0.0021

 ... doing gamma convolution ...............................................

 ... reporting .............................................................

 error divergence =         0.78 (1.93E+04 / m, tol =  2.47E+04)
 error stress BC  =         0.04 (2.14E+03 Pa,  tol =  4.95E+04)

 ===========================================================================

 increment 3 converged

 ... saving results ........................................................
 saving solver data required for restart
 saving field and constitutive data required for restart

 ###########################################################################
 Time  2.66667E+02s: Increment 4/15-1/1 of load case 1/1
 Increment 4/15-1/1 @ Iteration 1≤0≤100

 deformation gradient aim       =
   0.9999939    0.0015799    0.0015152
   0.0000000    1.0000067   -0.0000175
   0.0000000    0.0000000    0.9999968

 ... evaluating constitutive response ......................................

 Piola--Kirchhoff stress       / MPa =
        0.0361        66.0390        66.0313
       66.0387         0.0225         0.0110
       66.0314         0.0110         0.0420

 ... doing gamma convolution ...............................................

 ... reporting .............................................................

 error divergence =         1.58 (5.23E+04 / m, tol =  3.30E+04)
 error stress BC  =         0.64 (4.24E+04 Pa,  tol =  6.60E+04)

 ===========================================================================
 Increment 4/15-1/1 @ Iteration 1≤1≤100

 deformation gradient aim       =
   0.9999938    0.0015789    0.0015144
   0.0000000    1.0000067   -0.0000177
   0.0000000    0.0000000    0.9999967

 ... evaluating constitutive response ......................................

 Piola--Kirchhoff stress       / MPa =
        0.0000        65.9954        65.9954
       65.9951         0.0003        -0.0000
       65.9956        -0.0000        -0.0007

 ... doing gamma convolution ...............................................

 ... evaluating constitutive response ......................................

 Piola--Kirchhoff stress       / MPa =
        0.0018        65.9975        65.9972
       65.9972         0.0014         0.0005
       65.9974         0.0005         0.0014

 ... doing gamma convolution ...............................................

 ... reporting .............................................................

 error divergence =         0.56 (1.85E+04 / m, tol =  3.30E+04)
 error stress BC  =         0.03 (1.80E+03 Pa,  tol =  6.60E+04)

 ===========================================================================

 increment 4 converged

 ... saving results ........................................................
 saving solver data required for restart
 saving field and constitutive data required for restart

 ###########################################################################
 Time  3.33333E+02s: Increment 5/15-1/1 of load case 1/1
 Increment 5/15-1/1 @ Iteration 1≤0≤100

 deformation gradient aim       =
   0.9999919    0.0019733    0.0018928
   0.0000000    1.0000083   -0.0000226
   0.0000000    0.0000000    0.9999957

 ... evaluating constitutive response ......................................

 Piola--Kirchhoff stress       / MPa =
        0.0499        82.4103        82.4322
       82.4097         0.0266         0.0179
       82.4324         0.0179         0.0436

 ... doing gamma convolution ...............................................

 ... reporting .............................................................

 error divergence =        16.46 (6.79E+05 / m, tol =  4.12E+04)
 error stress BC  =         1.04 (8.55E+04 Pa,  tol =  8.24E+04)

 ===========================================================================
 Increment 5/15-1/1 @ Iteration 1≤1≤100

 deformation gradient aim       =
   0.9999917    0.0019753    0.0018943
   0.0000000    1.0000084   -0.0000230
   0.0000000    0.0000000    0.9999955

 ... evaluating constitutive response ......................................

 Piola--Kirchhoff stress       / MPa =
        0.0008        82.4843        82.4861
       82.4837        -0.0023         0.0015
       82.4864         0.0015         0.0024

 ... doing gamma convolution ...............................................

 ... evaluating constitutive response ......................................

 Piola--Kirchhoff stress       / MPa =
       -0.0130        82.5047        82.5009
       82.5042        -0.0105        -0.0030
       82.5012        -0.0031        -0.0091

 ... doing gamma convolution ...............................................

 ... reporting .............................................................

 error divergence =         2.75 (1.13E+05 / m, tol =  4.13E+04)
 error stress BC  =         0.16 (1.30E+04 Pa,  tol =  8.25E+04)

 ===========================================================================
 Increment 5/15-1/1 @ Iteration 1≤2≤100

 deformation gradient aim       =
   0.9999917    0.0019754    0.0018944
   0.0000000    1.0000084   -0.0000230
   0.0000000    0.0000000    0.9999955

 ... evaluating constitutive response ......................................

 Piola--Kirchhoff stress       / MPa =
        0.0005        82.4937        82.4939
       82.4932         0.0000         0.0005
       82.4942         0.0005        -0.0005

 ... doing gamma convolution ...............................................

 ... evaluating constitutive response ......................................

 Piola--Kirchhoff stress       / MPa =
       -0.0013        82.4968        82.4962
       82.4963        -0.0009        -0.0001
       82.4965        -0.0001        -0.0021

 ... doing gamma convolution ...............................................

 ... reporting .............................................................

 error divergence =         0.48 (2.00E+04 / m, tol =  4.12E+04)
 error stress BC  =         0.03 (2.12E+03 Pa,  tol =  8.25E+04)

 ===========================================================================

 increment 5 converged

 ... saving results ........................................................
 saving solver data required for restart
 saving field and constitutive data required for restart

 ###########################################################################
 Time  4.00000E+02s: Increment 6/15-1/1 of load case 1/1
 Increment 6/15-1/1 @ Iteration 1≤0≤100

 deformation gradient aim       =
   0.9999896    0.0023720    0.0022744
   0.0000000    1.0000101   -0.0000282
   0.0000000    0.0000000    0.9999944

 ... evaluating constitutive response ......................................

 Piola--Kirchhoff stress       / MPa =
        0.0298        98.1849        98.4096
       98.1838         0.0299         0.0788
       98.4095         0.0788         0.1009

 ... doing gamma convolution ...............................................

 ... reporting .............................................................

 error divergence =        85.99 (4.23E+06 / m, tol =  4.92E+04)
 error stress BC  =         8.23 (8.10E+05 Pa,  tol =  9.84E+04)

 ===========================================================================
 Increment 6/15-1/1 @ Iteration 1≤1≤100

 deformation gradient aim       =
   0.9999897    0.0023912    0.0022878
   0.0000000    1.0000103   -0.0000302
   0.0000000    0.0000000    0.9999936

 ... evaluating constitutive response ......................................

 Piola--Kirchhoff stress       / MPa =
        0.0007        98.7315        98.7946
       98.7305        -0.0110         0.0215
       98.7949         0.0214         0.0113

 ... doing gamma convolution ...............................................

 ... evaluating constitutive response ......................................

 Piola--Kirchhoff stress       / MPa =
       -0.0178        99.0627        99.0276
       99.0617        -0.0368        -0.0136
       99.0281        -0.0136        -0.0438

 ... doing gamma convolution ...............................................

 ... reporting .............................................................

 error divergence =        21.35 (1.06E+06 / m, tol =  4.95E+04)
 error stress BC  =         0.68 (6.77E+04 Pa,  tol =  9.91E+04)

 ===========================================================================
 Increment 6/15-1/1 @ Iteration 1≤2≤100

 deformation gradient aim       =
   0.9999896    0.0023959    0.0022916
   0.0000000    1.0000106   -0.0000304
   0.0000000    0.0000000    0.9999937

 ... evaluating constitutive response ......................................

 Piola--Kirchhoff stress       / MPa =
        0.0024        98.9693        98.9703
       98.9683        -0.0012         0.0026
       98.9707         0.0026        -0.0024

 ... doing gamma convolution ...............................................

 ... evaluating constitutive response ......................................

 Piola--Kirchhoff stress       / MPa =
        0.0031        99.0058        98.9970
       99.0048         0.0000        -0.0002
       98.9974        -0.0002        -0.0042

 ... doing gamma convolution ...............................................

 ... reporting .............................................................

 error divergence =         6.38 (3.16E+05 / m, tol =  4.95E+04)
 error stress BC  =         0.11 (1.08E+04 Pa,  tol =  9.90E+04)

 ===========================================================================
 Increment 6/15-1/1 @ Iteration 1≤3≤100

 deformation gradient aim       =
   0.9999895    0.0023962    0.0022922
   0.0000000    1.0000106   -0.0000305
   0.0000000    0.0000000    0.9999937

 ... evaluating constitutive response ......................................

 Piola--Kirchhoff stress       / MPa =
       -0.0009        99.0007        98.9964
       98.9997        -0.0002        -0.0003
       98.9968        -0.0003         0.0009

 ... doing gamma convolution ...............................................

 ... evaluating constitutive response ......................................

 Piola--Kirchhoff stress       / MPa =
       -0.0004        98.9940        98.9933
       98.9930         0.0026         0.0008
       98.9937         0.0008         0.0057

 ... doing gamma convolution ...............................................

 ... reporting .............................................................

 error divergence =         1.65 (8.16E+04 / m, tol =  4.95E+04)
 error stress BC  =         0.06 (5.67E+03 Pa,  tol =  9.90E+04)

 ===========================================================================
 Increment 6/15-1/1 @ Iteration 1≤4≤100

 deformation gradient aim       =
   0.9999895    0.0023961    0.0022922
   0.0000000    1.0000106   -0.0000305
   0.0000000    0.0000000    0.9999937

 ... evaluating constitutive response ......................................

 Piola--Kirchhoff stress       / MPa =
       -0.0001        98.9951        98.9950
       98.9941         0.0003         0.0000
       98.9954         0.0000        -0.0001

 ... doing gamma convolution ...............................................

 ... evaluating constitutive response ......................................

 Piola--Kirchhoff stress       / MPa =
       -0.0003        98.9944        98.9950
       98.9934         0.0000        -0.0000
       98.9954        -0.0000        -0.0004

 ... doing gamma convolution ...............................................

 ... reporting .............................................................

 error divergence =         0.41 (2.05E+04 / m, tol =  4.95E+04)
 error stress BC  =         0.01 (5.75E+02 Pa,  tol =  9.90E+04)

 ===========================================================================

 increment 6 converged

 ... saving results ........................................................
 saving solver data required for restart
 saving field and constitutive data required for restart

 ###########################################################################
 Time  4.66667E+02s: Increment 7/15-1/1 of load case 1/1
 Increment 7/15-1/1 @ Iteration 1≤0≤100

 deformation gradient aim       =
   0.9999874    0.0028168    0.0026899
   0.0000000    1.0000128   -0.0000380
   0.0000000    0.0000000    0.9999918

 ... evaluating constitutive response ......................................

 Piola--Kirchhoff stress       / MPa =
       -0.2050       112.8037       113.5393
      112.8005         0.3895         0.2022
      113.5392         0.2021        -0.0481

 ... doing gamma convolution ...............................................

 ... reporting .............................................................

 error divergence =       128.82 (7.31E+06 / m, tol =  5.68E+04)
 error stress BC  =        23.70 (2.69E+06 Pa,  tol =  1.14E+05)

 ===========================================================================
 Increment 7/15-1/1 @ Iteration 1≤1≤100

 deformation gradient aim       =
   0.9999902    0.0028857    0.0027381
   0.0000000    1.0000088   -0.0000437
   0.0000000    0.0000000    0.9999923

 ... evaluating constitutive response ......................................

 Piola--Kirchhoff stress       / MPa =
       -0.0568       114.6427       114.8628
      114.6391         0.1488         0.0599
      114.8630         0.0598        -0.1024

 ... doing gamma convolution ...............................................

 ... evaluating constitutive response ......................................

 Piola--Kirchhoff stress       / MPa =
        0.0300       115.7119       115.6336
      115.7081         0.0103        -0.0248
      115.6341        -0.0249        -0.1397

 ... doing gamma convolution ...............................................

 ... reporting .............................................................

 error divergence =        68.08 (3.94E+06 / m, tol =  5.79E+04)
 error stress BC  =         1.88 (2.18E+05 Pa,  tol =  1.16E+05)

 ===========================================================================
 Increment 7/15-1/1 @ Iteration 1≤2≤100

 deformation gradient aim       =
   0.9999902    0.0029020    0.0027501
   0.0000000    1.0000067   -0.0000447
   0.0000000    0.0000000    0.9999946

 ... evaluating constitutive response ......................................

 Piola--Kirchhoff stress       / MPa =
       -0.0098       115.1615       115.2632
      115.1577         0.0360         0.0163
      115.2636         0.0163        -0.0324

 ... doing gamma convolution ...............................................

 ... evaluating constitutive response ......................................

 Piola--Kirchhoff stress       / MPa =
        0.0164       115.4586       115.4842
      115.4547        -0.0135        -0.0092
      115.4846        -0.0092        -0.0235

 ... doing gamma convolution ...............................................

 ... reporting .............................................................

 error divergence =        24.25 (1.40E+06 / m, tol =  5.77E+04)
 error stress BC  =         0.31 (3.55E+04 Pa,  tol =  1.15E+05)

 ===========================================================================
 Increment 7/15-1/1 @ Iteration 1≤3≤100

 deformation gradient aim       =
   0.9999901    0.0029114    0.0027561
   0.0000000    1.0000064   -0.0000451
   0.0000000    0.0000000    0.9999951

 ... evaluating constitutive response ......................................

 Piola--Kirchhoff stress       / MPa =
       -0.0008       115.4950       115.4960
      115.4911        -0.0058        -0.0023
      115.4964        -0.0023         0.0046

 ... doing gamma convolution ...............................................

 ... evaluating constitutive response ......................................

 Piola--Kirchhoff stress       / MPa =
       -0.0099       115.4898       115.4891
      115.4859        -0.0049         0.0019
      115.4894         0.0019         0.0286

 ... doing gamma convolution ...............................................

 ... reporting .............................................................

 error divergence =         8.18 (4.72E+05 / m, tol =  5.77E+04)
 error stress BC  =         0.25 (2.86E+04 Pa,  tol =  1.15E+05)

 ===========================================================================
 Increment 7/15-1/1 @ Iteration 1≤4≤100

 deformation gradient aim       =
   0.9999902    0.0029115    0.0027562
   0.0000000    1.0000065   -0.0000451
   0.0000000    0.0000000    0.9999948

