
 <<<+-  parallelization init  -+>>>

 Open MPI v4.1.6, package: Debian OpenMPI, ident: 4.1.6, repo rev: v4.1.6, Sep 30, 2023
 MPI standard: 3.1
 OpenMP version: 201511

 MPI processes: 1
 Could not get $OMP_NUM_THREADS, using default
 OMP_NUM_THREADS: 4

 <<<+-  CLI init  -+>>>

     _/_/_/      _/_/    _/      _/    _/_/      _/_/_/  _/    _/    _/_/_/
    _/    _/  _/    _/  _/_/  _/_/  _/    _/  _/        _/  _/            _/
   _/    _/  _/_/_/_/  _/  _/  _/  _/_/_/_/    _/_/    _/_/          _/_/
  _/    _/  _/    _/  _/      _/  _/    _/        _/  _/  _/            _/
 _/_/_/    _/    _/  _/      _/  _/    _/  _/_/_/    _/    _/    _/_/_/
 Grid solver

 F. Roters et al., Computational Materials Science 158:420–478, 2019
 https://doi.org/10.1016/j.commatsci.2018.04.030

 S. Balay et al., PETSc/TAO User Manual Revision 3.19
 https://doi.org/10.2172/1968587

 Version: v3.0.1

 Compiled with: GCC version 13.3.0
 Compiled on: Linux-6.8.0-51-generic
 Compiler options: -cpp -I /usr/lib/petscdir/petsc3.19/x86_64-linux-gnu-real/include -I /usr/include/hypre -I /usr/include/suitesparse -I /usr/include/superlu -I /usr/include/superlu-dist -I /usr/include/trilinos -I /usr/include/scotch -I /usr/include/hdf5/openmpi -I /usr/include/hdf5/serial -I /usr/include -I /usr/lib/x86_64-linux-gnu/openmpi/lib/../../fortran/gfortran-mod-15/openmpi -I /usr/lib/x86_64-linux-gnu/openmpi/lib -imultiarch x86_64-linux-gnu -D_REENTRANT -D CMAKE_SYSTEM="Linux-6.8.0-51-generic" -D DAMASKVERSION="v3.0.1" -D FYAML -D GRID -D PETSC --param=l1-cache-size=32 --param=l1-cache-line-size=64 --param=l2-cache-size=512 -mtune=znver2 -mno-omit-leaf-frame-pointer -march=x86-64 -g -O2 -O2 -Wall -Wextra -Wcharacter-truncation -Wunderflow -Wsuggest-attribute=pure -Wsuggest-attribute=noreturn -Wconversion-extra -Wunused-parameter -std=f2018 -fno-omit-frame-pointer -ffile-prefix-map=/build/damask-XEckOy/damask-3.0.1=. -flto=auto -ffat-lto-objects -fstack-protector-strong -fstack-clash-protection -fcf-protection=full -fdebug-prefix-map=/build/damask-XEckOy/damask-3.0.1=/usr/src/damask-3.0.1-6~noble -fopenmp -fPIE -ffree-line-length-none -fimplicit-none -fallow-argument-mismatch -ffpe-summary=all -fpre-include=/usr/include/finclude/x86_64-linux-gnu/math-vector-fortran.h

 Compiled on: Jan 14 2025 at 07:40:31

 PETSc version: 3.19.6

 Date: 14/11/2025
 Time: 23:09:38

 Host name: UT170340
 User name: vincent

 Command line call:      DAMASK_grid --geom /home/vincent/local_Homogenization_for_Damask/projects/template_yield_surface_postprocessing_only/input_files/Polycrystal_25_5x5x5.vti --load /home/vincent/local_Homogenization_for_Damask/projects/template_yield_surface_postprocessing_only/damask_files/yield_surface/tensile_x_z_q0_0/LOADCASE.yaml --material /home/vincent/local_Homogenization_for_Damask/projects/template_yield_surface_postprocessing_only/input_files/titanium_assigned.yaml --numerics /home/vincent/local_Homogenization_for_Damask/projects/template_yield_surface_postprocessing_only/damask_files/yield_surface/tensile_x_z_q0_0/NUMERICS.yaml --jobname template_yield_surface_postprocessing_only --workingdirectory /home/vincent/local_Homogenization_for_Damask/projects/template_yield_surface_postprocessing_only/damask_files/yield_surface/tensile_x_z_q0_0

 Working directory:      /home/vincent/local_Homogenization_for_Damask/projects/template_yield_surface_postprocessing_only/damask_files/yield_surface/tensile_x_z_q0_0
 Geometry:               ../../../input_files/Polycrystal_25_5x5x5.vti <-- /home/vincent/local_Homogenization_for_Damask/projects/template_yield_surface_postprocessing_only/input_files/Polycrystal_25_5x5x5.vti
 Load case:              LOADCASE.yaml <-- /home/vincent/local_Homogenization_for_Damask/projects/template_yield_surface_postprocessing_only/damask_files/yield_surface/tensile_x_z_q0_0/LOADCASE.yaml
 Material config:        ../../../input_files/titanium_assigned.yaml <-- /home/vincent/local_Homogenization_for_Damask/projects/template_yield_surface_postprocessing_only/input_files/titanium_assigned.yaml
 Numerics config:        NUMERICS.yaml <-- /home/vincent/local_Homogenization_for_Damask/projects/template_yield_surface_postprocessing_only/damask_files/yield_surface/tensile_x_z_q0_0/NUMERICS.yaml
 Solver job name:        template_yield_surface_postprocessing_only

 <<<+-  system_routines init  -+>>>

 <<<+-  prec init  -+>>>

 integer size / bit:   32
   maximum value:              2147483647

 real size / bit:      64
   maximum value:      0.180+309
   minimum value:      0.223-307
   epsilon value:      0.222E-15
   decimal precision:  15

 <<<+-  misc init  -+>>>

 <<<+-  IO init  -+>>>

 <<<+-  base64 init  -+>>>

 <<<+-  types init  -+>>>

 <<<+-  YAML init  -+>>>

 libfyaml powered

 <<<+-  HDF5_utilities init  -+>>>

 <<<+-  result init  -+>>>

 M. Diehl et al., Integrating Materials and Manufacturing Innovation 6(1):83–91, 2017
 https://doi.org/10.1007/s40192-017-0084-5

 <<<+-  config init  -+>>>

 reading material configuration

 reading numerics configuration

 <<<+-  math init  -+>>>

 size  of random seed:      8
 value of random seed:       1004483496   618769818 -2073089554  1003787019   216743901 -2085880458 -1121894080  -979794212
 start of random sequence: 
                           0.24909170507819
                           0.28854296712595
                           0.53350393820423
                           0.87534932804242

 <<<+-  rotations init  -+>>>

 D. Rowenhorst et al., Modelling and Simulation in Materials Science and Engineering 23:083501, 2015
 https://doi.org/10.1088/0965-0393/23/8/083501

 <<<+-  polynomials init  -+>>>

 <<<+-  tables init  -+>>>

 <<<+-  crystal init  -+>>>

 <<<+-  discretization_grid init  -+>>>

 cells:  5 × 5 × 5
 size:   1.00E-05 × 1.00E-05 × 1.00E-05 m³
 origin:  0.00E+00  0.00E+00  0.00E+00 m

 <<<+-  discretization init  -+>>>

 <<<+-  material init  -+>>>

 parsed material.yaml

 <<<+-  phase init  -+>>>

 phase 1: A

 references:
   - https://www.totalmateria.com/page.aspx?ID=CheckArticle&site=ktn&NM=221
   - https://en.wikipedia.org/wiki/Titanium

 <<<+-  phase:mechanical init  -+>>>

 <<<+-  phase:mechanical:elastic init  -+>>>

 <<<+-  phase:mechanical:elastic:Hooke init  -+>>>

 # phases: 1

 phase 1: A

 references:
   - E.S. Fisher and C.J. Renken, Physical Review 135(2A):A482-A494, 1964,
     https://doi.org/10.1103/PhysRev.135.A482, fit to Tab. IV (T_min=77K, 
     T_max=923K) 

 <<<+-  phase:mechanical:plasticity init  -+>>>

 <<<+-  phase:mechanical:plastic:phenopowerlaw init  -+>>>

 # phases: 1

 phase 1: A

 references:
   - C. Zambaldi et al., Journal of Materials Research 27(1):356-367, 2021,
     https://doi.org/10.1557/jmr.2011.334 
   - L. Wang et al., Acta Materialia 132:598-610, 2017,
     https://doi.org/10.1016/j.actamat.2017.05.015 

 <<<+-  phase:mechanical:eigen init  -+>>>

 <<<+-  phase:damage init  -+>>>

 <<<+-  phase:thermal init  -+>>>

 <<<+-  homogenization init  -+>>>

 <<<+-  homogenization:mechanical init  -+>>>

 <<<+-  homogenization:mechanical:pass init  -+>>>

 # homogenizations: 1

 <<<+-  homogenization:thermal init  -+>>>

 <<<+-  homogenization:damage init  -+>>>

 <<<+-  homogenization:damage:pass init  -+>>>

 <<<+-  materialpoint init  -+>>>

 deallocating material configuration

 <<<+-  DAMASK_grid init  -+>>>

 P. Shanthraj et al., Handbook of Mechanics of Materials, 2019
 https://doi.org/10.1007/978-981-10-6855-3_80

 <<<+-  spectral_utilities init  -+>>>

 M. Diehl, Diploma Thesis TU München, 2010
 https://doi.org/10.13140/2.1.3234.3840

 P. Eisenlohr et al., International Journal of Plasticity 46:37–53, 2013
 https://doi.org/10.1016/j.ijplas.2012.09.012

 P. Shanthraj et al., International Journal of Plasticity 66:31–45, 2015
 https://doi.org/10.1016/j.ijplas.2014.02.006

 P. Shanthraj et al., Handbook of Mechanics of Materials, 2019
 https://doi.org/10.1007/978-981-10-6855-3_80

 M. Frigo and S.G. Johnson, Proceedings of the IEEE 93(2):216–231, 2005
 https://doi.org/10.1109/jproc.2004.840301

 FFTW initialized

 <<<+-  grid_mechanical_spectral_basic init  -+>>>

 P. Eisenlohr et al., International Journal of Plasticity 46:37–53, 2013
 https://doi.org/10.1016/j.ijplas.2012.09.012

 P. Shanthraj et al., International Journal of Plasticity 66:31–45, 2015
 https://doi.org/10.1016/j.ijplas.2014.02.006

 ... evaluating constitutive response ......................................

 Piola--Kirchhoff stress       / MPa =
        0.0000         0.0000         0.0000
        0.0000         0.0000        -0.0000
        0.0000        -0.0000         0.0000

 deallocating numerics configuration

 ... saving initial configuration ..........................................

 load case: 1
  estimate_rate: F
  F:
       x             x             x      
     0.0000000       x             x      
     0.0000000     0.0000000       x      
  P / MPa:
        0.0000        0.0000        0.0000
       x              0.0000        0.0000
       x             x            600.0000
  r: 1 (constant step width)
  t: 1000.000
  N: 15
  f_out: 1
  f_restart: 1

 ###########################################################################
 Time  6.66667E+01s: Increment 1/15-1/1 of load case 1/1
 Increment 1/15-1/1 @ Iteration 1≤0≤100

 deformation gradient aim       =
   1.0000000    0.0000000    0.0000000
   0.0000000    1.0000000    0.0000000
   0.0000000    0.0000000    1.0000000

 ... evaluating constitutive response ......................................

 Piola--Kirchhoff stress       / MPa =
       -0.0000         0.0000         0.0000
        0.0000        -0.0000        -0.0000
        0.0000        -0.0000        -0.0000

 ... doing gamma convolution ...............................................

 ... reporting .............................................................

 error divergence =         1.24 (1.24E-04 / m, tol =  1.00E-04)
 error stress BC  =     40000.00 (4.00E+07 Pa,  tol =  1.00E+03)

 ===========================================================================
 Increment 1/15-1/1 @ Iteration 1≤1≤100

 deformation gradient aim       =
   0.9998948   -0.0000013   -0.0000026
   0.0000000    0.9998967    0.0000034
   0.0000000    0.0000000    1.0003336

 ... evaluating constitutive response ......................................

 Piola--Kirchhoff stress       / MPa =
        0.0056         0.0000        -0.0001
        0.0000         0.0056         0.0001
        0.0000        -0.0000        40.0235

 ... doing gamma convolution ...............................................

 ... evaluating constitutive response ......................................

 Piola--Kirchhoff stress       / MPa =
        0.0053         0.0000        -0.0001
        0.0000         0.0052         0.0001
        0.0000        -0.0000        38.8250

 ... doing gamma convolution ...............................................

 ... reporting .............................................................

 error divergence =       383.85 (7.45E+06 / m, tol =  1.94E+04)
 error stress BC  =        30.26 (1.18E+06 Pa,  tol =  3.88E+04)

 ===========================================================================
 Increment 1/15-1/1 @ Iteration 1≤2≤100

 deformation gradient aim       =
   0.9998917   -0.0000014   -0.0000027
   0.0000000    0.9998936    0.0000035
   0.0000000    0.0000000    1.0003433

 ... evaluating constitutive response ......................................

 Piola--Kirchhoff stress       / MPa =
        0.2730        -0.0450        -0.0520
       -0.0450         0.1780        -0.0223
       -0.0519        -0.0224        39.5890

 ... doing gamma convolution ...............................................

 ... evaluating constitutive response ......................................

 Piola--Kirchhoff stress       / MPa =
        0.2731        -0.0450        -0.0520
       -0.0450         0.1782        -0.0223
       -0.0519        -0.0224        40.1745

 ... doing gamma convolution ...............................................

 ... reporting .............................................................

 error divergence =        52.87 (1.06E+06 / m, tol =  2.01E+04)
 error stress BC  =         6.80 (2.73E+05 Pa,  tol =  4.02E+04)

 ===========================================================================
 Increment 1/15-1/1 @ Iteration 1≤3≤100

 deformation gradient aim       =
   0.9998874    0.0000007   -0.0000004
   0.0000000    0.9998916    0.0000046
   0.0000000    0.0000000    1.0003476

 ... evaluating constitutive response ......................................

 Piola--Kirchhoff stress       / MPa =
       -0.0041        -0.0020        -0.0004
       -0.0020         0.0099        -0.0005
       -0.0003        -0.0007        39.9868

 ... doing gamma convolution ...............................................

 ... evaluating constitutive response ......................................

 Piola--Kirchhoff stress       / MPa =
        0.0120        -0.0046        -0.0034
       -0.0046         0.0199        -0.0018
       -0.0034        -0.0020        40.0136

 ... doing gamma convolution ...............................................

 ... reporting .............................................................

 error divergence =         7.91 (1.58E+05 / m, tol =  2.00E+04)
 error stress BC  =         0.50 (1.99E+04 Pa,  tol =  4.00E+04)

 ===========================================================================
 Increment 1/15-1/1 @ Iteration 1≤4≤100

 deformation gradient aim       =
   0.9998874    0.0000009   -0.0000003
   0.0000000    0.9998913    0.0000046
   0.0000000    0.0000000    1.0003477

 ... evaluating constitutive response ......................................

 Piola--Kirchhoff stress       / MPa =
        0.0007        -0.0006        -0.0008
       -0.0006        -0.0009         0.0006
       -0.0008         0.0004        40.0003

 ... doing gamma convolution ...............................................

 ... evaluating constitutive response ......................................

 Piola--Kirchhoff stress       / MPa =
       -0.0031        -0.0000        -0.0001
       -0.0000        -0.0032         0.0009
       -0.0001         0.0007        39.9972

 ... doing gamma convolution ...............................................

 ... reporting .............................................................

 error divergence =         1.04 (2.08E+04 / m, tol =  2.00E+04)
 error stress BC  =         0.08 (3.16E+03 Pa,  tol =  4.00E+04)

 ===========================================================================
 Increment 1/15-1/1 @ Iteration 1≤5≤100

 deformation gradient aim       =
   0.9998874    0.0000009   -0.0000003
   0.0000000    0.9998914    0.0000046
   0.0000000    0.0000000    1.0003477

 ... evaluating constitutive response ......................................

 Piola--Kirchhoff stress       / MPa =
       -0.0001        -0.0000        -0.0002
       -0.0000         0.0001         0.0001
       -0.0001        -0.0001        40.0000

 ... doing gamma convolution ...............................................

 ... evaluating constitutive response ......................................

 Piola--Kirchhoff stress       / MPa =
       -0.0004         0.0001        -0.0001
        0.0001        -0.0004         0.0001
       -0.0001        -0.0001        39.9997

 ... doing gamma convolution ...............................................

 ... reporting .............................................................

 error divergence =         0.15 (2.91E+03 / m, tol =  2.00E+04)
 error stress BC  =         0.01 (3.58E+02 Pa,  tol =  4.00E+04)

 ===========================================================================

 increment 1 converged

 ... saving results ........................................................
 saving solver data required for restart
 saving field and constitutive data required for restart

 ###########################################################################
 Time  1.33333E+02s: Increment 2/15-1/1 of load case 1/1
 Increment 2/15-1/1 @ Iteration 1≤0≤100

 deformation gradient aim       =
   0.9997748    0.0000018   -0.0000006
   0.0000000    0.9997827    0.0000092
   0.0000000    0.0000000    1.0006954

 ... evaluating constitutive response ......................................

 Piola--Kirchhoff stress       / MPa =
       -0.5479         0.0972         0.1091
        0.0972        -0.3790         0.0453
        0.1092         0.0446        82.0144

 ... doing gamma convolution ...............................................

 ... reporting .............................................................

 error divergence =        11.69 (4.79E+05 / m, tol =  4.10E+04)
 error stress BC  =        24.56 (2.01E+06 Pa,  tol =  8.20E+04)

 ===========================================================================
 Increment 2/15-1/1 @ Iteration 1≤1≤100

 deformation gradient aim       =
   0.9997838   -0.0000004   -0.0000029
   0.0000000    0.9997896    0.0000080
   0.0000000    0.0000000    1.0006762

 ... evaluating constitutive response ......................................

 Piola--Kirchhoff stress       / MPa =
        0.0182        -0.0047        -0.0052
       -0.0047         0.0096        -0.0021
       -0.0050        -0.0027        79.9707

 ... doing gamma convolution ...............................................

 ... evaluating constitutive response ......................................

 Piola--Kirchhoff stress       / MPa =
       -0.0245         0.0030         0.0034
        0.0030        -0.0197         0.0015
        0.0036         0.0009        80.1247

 ... doing gamma convolution ...............................................

 ... reporting .............................................................

 error divergence =        10.75 (4.31E+05 / m, tol =  4.01E+04)
 error stress BC  =         1.56 (1.25E+05 Pa,  tol =  8.01E+04)

 ===========================================================================
 Increment 2/15-1/1 @ Iteration 1≤2≤100

 deformation gradient aim       =
   0.9997841   -0.0000004   -0.0000028
   0.0000000    0.9997899    0.0000080
   0.0000000    0.0000000    1.0006753

 ... evaluating constitutive response ......................................

 Piola--Kirchhoff stress       / MPa =
       -0.0176         0.0041         0.0045
        0.0041        -0.0089         0.0019
        0.0048         0.0012        80.0233

 ... doing gamma convolution ...............................................

 ... evaluating constitutive response ......................................

 Piola--Kirchhoff stress       / MPa =
       -0.0101         0.0028         0.0030
        0.0028        -0.0038         0.0012
        0.0033         0.0006        79.9961

 ... doing gamma convolution ...............................................

 ... reporting .............................................................

 error divergence =         1.70 (6.79E+04 / m, tol =  4.00E+04)
 error stress BC  =         0.13 (1.01E+04 Pa,  tol =  8.00E+04)

 ===========================================================================
 Increment 2/15-1/1 @ Iteration 1≤3≤100

 deformation gradient aim       =
   0.9997843   -0.0000005   -0.0000030
   0.0000000    0.9997899    0.0000079
   0.0000000    0.0000000    1.0006751

 ... evaluating constitutive response ......................................

 Piola--Kirchhoff stress       / MPa =
       -0.0001         0.0002         0.0002
        0.0002        -0.0009         0.0001
        0.0004        -0.0005        80.0014

 ... doing gamma convolution ...............................................

 ... evaluating constitutive response ......................................

 Piola--Kirchhoff stress       / MPa =
       -0.0003         0.0003         0.0003
        0.0003        -0.0008         0.0002
        0.0005        -0.0005        79.9995

 ... doing gamma convolution ...............................................

 ... reporting .............................................................

 error divergence =         0.24 (9.61E+03 / m, tol =  4.00E+04)
 error stress BC  =         0.01 (7.67E+02 Pa,  tol =  8.00E+04)

 ===========================================================================

 increment 2 converged

 ... saving results ........................................................
 saving solver data required for restart
 saving field and constitutive data required for restart

 ###########################################################################
 Time  2.00000E+02s: Increment 3/15-1/1 of load case 1/1
 Increment 3/15-1/1 @ Iteration 1≤0≤100

 deformation gradient aim       =
   0.9996812   -0.0000020   -0.0000057
   0.0000000    0.9996886    0.0000112
   0.0000000    0.0000000    1.0010024

 ... evaluating constitutive response ......................................

 Piola--Kirchhoff stress       / MPa =
        0.3582        -0.0599        -0.0673
       -0.0599         0.2538        -0.0278
       -0.0667        -0.0291       118.8277

 ... doing gamma convolution ...............................................

 ... reporting .............................................................

 error divergence =         5.04 (2.99E+05 / m, tol =  5.94E+04)
 error stress BC  =         9.87 (1.17E+06 Pa,  tol =  1.19E+05)

 ===========================================================================
 Increment 3/15-1/1 @ Iteration 1≤1≤100

 deformation gradient aim       =
   0.9996758   -0.0000006   -0.0000043
   0.0000000    0.9996844    0.0000119
   0.0000000    0.0000000    1.0010138

 ... evaluating constitutive response ......................................

 Piola--Kirchhoff stress       / MPa =
       -0.0116         0.0030         0.0033
        0.0030        -0.0061         0.0012
        0.0038        -0.0002       120.0183

 ... doing gamma convolution ...............................................

 ... evaluating constitutive response ......................................

 Piola--Kirchhoff stress       / MPa =
        0.0172        -0.0019        -0.0022
       -0.0019         0.0142        -0.0010
       -0.0017        -0.0025       119.9256

 ... doing gamma convolution ...............................................

 ... reporting .............................................................

 error divergence =         4.27 (2.56E+05 / m, tol =  6.00E+04)
 error stress BC  =         0.62 (7.44E+04 Pa,  tol =  1.20E+05)

 ===========================================================================
 Increment 3/15-1/1 @ Iteration 1≤2≤100

 deformation gradient aim       =
   0.9996756   -0.0000007   -0.0000043
   0.0000000    0.9996842    0.0000119
   0.0000000    0.0000000    1.0010143

 ... evaluating constitutive response ......................................

 Piola--Kirchhoff stress       / MPa =
        0.0105        -0.0025        -0.0027
       -0.0025         0.0053        -0.0011
       -0.0022        -0.0025       119.9862

 ... doing gamma convolution ...............................................

 ... evaluating constitutive response ......................................

 Piola--Kirchhoff stress       / MPa =
        0.0056        -0.0017        -0.0018
       -0.0017         0.0018        -0.0007
       -0.0012        -0.0022       120.0018

 ... doing gamma convolution ...............................................

 ... reporting .............................................................

 error divergence =         0.68 (4.06E+04 / m, tol =  6.00E+04)
 error stress BC  =         0.05 (5.65E+03 Pa,  tol =  1.20E+05)

 ===========================================================================

 increment 3 converged

 ... saving results ........................................................
 saving solver data required for restart
 saving field and constitutive data required for restart

 ###########################################################################
 Time  2.66667E+02s: Increment 4/15-1/1 of load case 1/1
 Increment 4/15-1/1 @ Iteration 1≤0≤100

 deformation gradient aim       =
   0.9995666   -0.0000006   -0.0000055
   0.0000000    0.9995784    0.0000160
   0.0000000    0.0000000    1.0013538

 ... evaluating constitutive response ......................................

 Piola--Kirchhoff stress       / MPa =
       -0.0652         0.0125         0.0137
        0.0125        -0.0425         0.0064
        0.0146         0.0038       160.3098

 ... doing gamma convolution ...............................................

 ... reporting .............................................................

 error divergence =         1.51 (1.21E+05 / m, tol =  8.02E+04)
 error stress BC  =         1.93 (3.10E+05 Pa,  tol =  1.60E+05)

 ===========================================================================
 Increment 4/15-1/1 @ Iteration 1≤1≤100

 deformation gradient aim       =
   0.9995678   -0.0000009   -0.0000058
   0.0000000    0.9995794    0.0000159
   0.0000000    0.0000000    1.0013510

 ... evaluating constitutive response ......................................

 Piola--Kirchhoff stress       / MPa =
        0.0026        -0.0010        -0.0010
       -0.0010         0.0022        -0.0004
       -0.0001        -0.0030       159.9944

 ... doing gamma convolution ...............................................

 ... evaluating constitutive response ......................................

 Piola--Kirchhoff stress       / MPa =
       -0.0019        -0.0001        -0.0000
       -0.0001        -0.0008         0.0000
        0.0009        -0.0025       160.0153

 ... doing gamma convolution ...............................................

 ... reporting .............................................................

 error divergence =         0.71 (5.67E+04 / m, tol =  8.00E+04)
 error stress BC  =         0.10 (1.53E+04 Pa,  tol =  1.60E+05)

 ===========================================================================

 increment 4 converged

 ... saving results ........................................................
 saving solver data required for restart
 saving field and constitutive data required for restart

 ###########################################################################
 Time  3.33333E+02s: Increment 5/15-1/1 of load case 1/1
 Increment 5/15-1/1 @ Iteration 1≤0≤100

 deformation gradient aim       =
   0.9994603   -0.0000011   -0.0000072
   0.0000000    0.9994746    0.0000198
   0.0000000    0.0000000    1.0016874

 ... evaluating constitutive response ......................................

 Piola--Kirchhoff stress       / MPa =
        0.0383        -0.0024        -0.0040
       -0.0024         0.0291        -0.0013
       -0.0025        -0.0052       199.9451

 ... doing gamma convolution ...............................................

 ... reporting .............................................................

 error divergence =         1.57 (1.57E+05 / m, tol =  1.00E+05)
 error stress BC  =         0.27 (5.49E+04 Pa,  tol =  2.00E+05)

 ===========================================================================
 Increment 5/15-1/1 @ Iteration 1≤1≤100

 deformation gradient aim       =
   0.9994599   -0.0000011   -0.0000071
   0.0000000    0.9994743    0.0000198
   0.0000000    0.0000000    1.0016880

 ... evaluating constitutive response ......................................

 Piola--Kirchhoff stress       / MPa =
       -0.0057         0.0014         0.0015
        0.0014        -0.0033         0.0008
        0.0029        -0.0032       200.0083

 ... doing gamma convolution ...............................................

 ... evaluating constitutive response ......................................

 Piola--Kirchhoff stress       / MPa =
       -0.0001         0.0009         0.0008
        0.0009         0.0008         0.0005
        0.0022        -0.0034       200.0003

 ... doing gamma convolution ...............................................

 ... reporting .............................................................

 error divergence =         0.18 (1.79E+04 / m, tol =  1.00E+05)
 error stress BC  =         0.00 (9.39E+02 Pa,  tol =  2.00E+05)

 ===========================================================================

 increment 5 converged

 ... saving results ........................................................
 saving solver data required for restart
 saving field and constitutive data required for restart

 ###########################################################################
 Time  4.00000E+02s: Increment 6/15-1/1 of load case 1/1
 Increment 6/15-1/1 @ Iteration 1≤0≤100

 deformation gradient aim       =
   0.9993520   -0.0000014   -0.0000087
   0.0000000    0.9993693    0.0000237
   0.0000000    0.0000000    1.0020249

 ... evaluating constitutive response ......................................

 Piola--Kirchhoff stress       / MPa =
        0.0650         0.0251        -0.0206
        0.0251         0.0442         0.0015
       -0.0186        -0.0042       239.9704

 ... doing gamma convolution ...............................................

 ... reporting .............................................................

 error divergence =         4.50 (5.40E+05 / m, tol =  1.20E+05)
 error stress BC  =         0.27 (6.50E+04 Pa,  tol =  2.40E+05)

 ===========================================================================
 Increment 6/15-1/1 @ Iteration 1≤1≤100

 deformation gradient aim       =
   0.9993515   -0.0000020   -0.0000082
   0.0000000    0.9993690    0.0000237
   0.0000000    0.0000000    1.0020254

 ... evaluating constitutive response ......................................

 Piola--Kirchhoff stress       / MPa =
        0.0146         0.0030        -0.0033
        0.0030         0.0088         0.0002
       -0.0014        -0.0055       239.9786

 ... doing gamma convolution ...............................................

 ... evaluating constitutive response ......................................

 Piola--Kirchhoff stress       / MPa =
        0.0077        -0.0002        -0.0009
       -0.0002         0.0039        -0.0000
        0.0010        -0.0057       239.9801

 ... doing gamma convolution ...............................................

 ... reporting .............................................................

 error divergence =         0.69 (8.27E+04 / m, tol =  1.20E+05)
 error stress BC  =         0.08 (1.99E+04 Pa,  tol =  2.40E+05)

 ===========================================================================

 increment 6 converged

 ... saving results ........................................................
 saving solver data required for restart
 saving field and constitutive data required for restart

 ###########################################################################
 Time  4.66667E+02s: Increment 7/15-1/1 of load case 1/1
 Increment 7/15-1/1 @ Iteration 1≤0≤100

 deformation gradient aim       =
   0.9992425   -0.0000030   -0.0000090
   0.0000000    0.9992634    0.0000276
   0.0000000    0.0000000    1.0023638

 ... evaluating constitutive response ......................................

 Piola--Kirchhoff stress       / MPa =
        0.4418         0.1965        -0.1543
        0.1965         0.3501        -0.0011
       -0.1522        -0.0089       279.2635

 ... doing gamma convolution ...............................................

 ... reporting .............................................................

 error divergence =        27.34 (3.82E+06 / m, tol =  1.40E+05)
 error stress BC  =         2.64 (7.36E+05 Pa,  tol =  2.79E+05)

 ===========================================================================
 Increment 7/15-1/1 @ Iteration 1≤1≤100

 deformation gradient aim       =
   0.9992377   -0.0000077   -0.0000056
   0.0000000    0.9992597    0.0000277
   0.0000000    0.0000000    1.0023721

 ... evaluating constitutive response ......................................

 Piola--Kirchhoff stress       / MPa =
        0.1731         0.0583        -0.0554
        0.0583         0.1255        -0.0036
       -0.0540        -0.0114       279.7067

 ... doing gamma convolution ...............................................

 ... evaluating constitutive response ......................................

 Piola--Kirchhoff stress       / MPa =
        0.0359        -0.0121        -0.0050
       -0.0121         0.0104        -0.0049
       -0.0040        -0.0126       279.9327

 ... doing gamma convolution ...............................................

 ... reporting .............................................................

 error divergence =         5.42 (7.58E+05 / m, tol =  1.40E+05)
 error stress BC  =         0.24 (6.73E+04 Pa,  tol =  2.80E+05)

 ===========================================================================
 Increment 7/15-1/1 @ Iteration 1≤2≤100

 deformation gradient aim       =
   0.9992354   -0.0000088   -0.0000043
   0.0000000    0.9992583    0.0000279
   0.0000000    0.0000000    1.0023760

 ... evaluating constitutive response ......................................

 Piola--Kirchhoff stress       / MPa =
        0.0040         0.0020        -0.0027
        0.0020         0.0054         0.0023
       -0.0016        -0.0055       279.9882

 ... doing gamma convolution ...............................................

 ... evaluating constitutive response ......................................

 Piola--Kirchhoff stress       / MPa =
       -0.0167        -0.0051         0.0038
       -0.0051        -0.0101         0.0031
        0.0048        -0.0047       280.0233

 ... doing gamma convolution ...............................................

 ... reporting .............................................................

 error divergence =         1.26 (1.77E+05 / m, tol =  1.40E+05)
 error stress BC  =         0.08 (2.33E+04 Pa,  tol =  2.80E+05)

 ===========================================================================
 Increment 7/15-1/1 @ Iteration 1≤3≤100

 deformation gradient aim       =
   0.9992355   -0.0000087   -0.0000043
   0.0000000    0.9992583    0.0000278
   0.0000000    0.0000000    1.0023758

 ... evaluating constitutive response ......................................

 Piola--Kirchhoff stress       / MPa =
        0.0008         0.0002         0.0008
        0.0002        -0.0010         0.0012
        0.0018        -0.0066       280.0008

 ... doing gamma convolution ...............................................

 ... evaluating constitutive response ......................................

 Piola--Kirchhoff stress       / MPa =
        0.0015         0.0019         0.0004
        0.0019         0.0003         0.0014
        0.0014        -0.0064       280.0006

 ... doing gamma convolution ...............................................

 ... reporting .............................................................

 error divergence =         0.27 (3.78E+04 / m, tol =  1.40E+05)
 error stress BC  =         0.01 (1.90E+03 Pa,  tol =  2.80E+05)

 ===========================================================================

 increment 7 converged

 ... saving results ........................................................
 saving solver data required for restart
 saving field and constitutive data required for restart

 ###########################################################################
 Time  5.33333E+02s: Increment 8/15-1/1 of load case 1/1
 Increment 8/15-1/1 @ Iteration 1≤0≤100

 deformation gradient aim       =
   0.9991197   -0.0000155   -0.0000005
   0.0000000    0.9991477    0.0000318
   0.0000000    0.0000000    1.0027258

 ... evaluating constitutive response ......................................

 Piola--Kirchhoff stress       / MPa =
        1.1843         0.3867        -0.3494
        0.3868         1.2030        -0.0298
       -0.3505        -0.0401       317.6228

 ... doing gamma convolution ...............................................

 ... reporting .............................................................

 error divergence =        48.89 (7.76E+06 / m, tol =  1.59E+05)
 error stress BC  =         7.48 (2.38E+06 Pa,  tol =  3.18E+05)

 ===========================================================================
 Increment 8/15-1/1 @ Iteration 1≤1≤100

 deformation gradient aim       =
   0.9991059   -0.0000255    0.0000077
   0.0000000    0.9991340    0.0000327
   0.0000000    0.0000000    1.0027534

 ... evaluating constitutive response ......................................

 Piola--Kirchhoff stress       / MPa =
        0.4435         0.0982        -0.1372
        0.0982         0.4370        -0.0382
       -0.1401        -0.0488       319.1232

 ... doing gamma convolution ...............................................

 ... evaluating constitutive response ......................................

 Piola--Kirchhoff stress       / MPa =
       -0.1155        -0.1219         0.0227
       -0.1218        -0.1393        -0.0466
        0.0182        -0.0575       320.2525

 ... doing gamma convolution ...............................................

 ... reporting .............................................................

 error divergence =        14.72 (2.36E+06 / m, tol =  1.60E+05)
 error stress BC  =         0.79 (2.53E+05 Pa,  tol =  3.20E+05)

 ===========================================================================
 Increment 8/15-1/1 @ Iteration 1≤2≤100

 deformation gradient aim       =
   0.9991020   -0.0000251    0.0000103
   0.0000000    0.9991306    0.0000347
   0.0000000    0.0000000    1.0027606

 ... evaluating constitutive response ......................................

 Piola--Kirchhoff stress       / MPa =
        0.0646         0.0193        -0.0309
        0.0194         0.0534        -0.0069
       -0.0353        -0.0179       319.8755

 ... doing gamma convolution ...............................................

 ... evaluating constitutive response ......................................

 Piola--Kirchhoff stress       / MPa =
        0.0193         0.0150        -0.0182
        0.0150         0.0083        -0.0002
       -0.0228        -0.0114       319.9641

 ... doing gamma convolution ...............................................

 ... reporting .............................................................

 error divergence =         4.65 (7.43E+05 / m, tol =  1.60E+05)
 error stress BC  =         0.11 (3.59E+04 Pa,  tol =  3.20E+05)

 ===========================================================================
 Increment 8/15-1/1 @ Iteration 1≤3≤100

 deformation gradient aim       =
   0.9991010   -0.0000260    0.0000115
   0.0000000    0.9991298    0.0000349
   0.0000000    0.0000000    1.0027624

 ... evaluating constitutive response ......................................

 Piola--Kirchhoff stress       / MPa =
       -0.0047         0.0013         0.0020
        0.0013        -0.0056         0.0042
       -0.0027        -0.0069       320.0107

 ... doing gamma convolution ...............................................

 ... evaluating constitutive response ......................................

 Piola--Kirchhoff stress       / MPa =
       -0.0026         0.0078         0.0065
        0.0078         0.0017         0.0100
        0.0017        -0.0011       320.0043

 ... doing gamma convolution ...............................................

 ... reporting .............................................................

 error divergence =         1.35 (2.16E+05 / m, tol =  1.60E+05)
 error stress BC  =         0.03 (1.00E+04 Pa,  tol =  3.20E+05)

 ===========================================================================
 Increment 8/15-1/1 @ Iteration 1≤4≤100

 deformation gradient aim       =
   0.9991011   -0.0000262    0.0000113
   0.0000000    0.9991299    0.0000345
   0.0000000    0.0000000    1.0027622

