
 <<<+-  parallelization init  -+>>>

 Open MPI v4.1.6, package: Debian OpenMPI, ident: 4.1.6, repo rev: v4.1.6, Sep 30, 2023
 MPI standard: 3.1
 OpenMP version: 201511

 MPI processes: 1
 Could not get $OMP_NUM_THREADS, using default
 OMP_NUM_THREADS: 4

 <<<+-  CLI init  -+>>>

     _/_/_/      _/_/    _/      _/    _/_/      _/_/_/  _/    _/    _/_/_/
    _/    _/  _/    _/  _/_/  _/_/  _/    _/  _/        _/  _/            _/
   _/    _/  _/_/_/_/  _/  _/  _/  _/_/_/_/    _/_/    _/_/          _/_/
  _/    _/  _/    _/  _/      _/  _/    _/        _/  _/  _/            _/
 _/_/_/    _/    _/  _/      _/  _/    _/  _/_/_/    _/    _/    _/_/_/
 Grid solver

 F. Roters et al., Computational Materials Science 158:420–478, 2019
 https://doi.org/10.1016/j.commatsci.2018.04.030

 S. Balay et al., PETSc/TAO User Manual Revision 3.19
 https://doi.org/10.2172/1968587

 Version: v3.0.1

 Compiled with: GCC version 13.3.0
 Compiled on: Linux-6.8.0-51-generic
 Compiler options: -cpp -I /usr/lib/petscdir/petsc3.19/x86_64-linux-gnu-real/include -I /usr/include/hypre -I /usr/include/suitesparse -I /usr/include/superlu -I /usr/include/superlu-dist -I /usr/include/trilinos -I /usr/include/scotch -I /usr/include/hdf5/openmpi -I /usr/include/hdf5/serial -I /usr/include -I /usr/lib/x86_64-linux-gnu/openmpi/lib/../../fortran/gfortran-mod-15/openmpi -I /usr/lib/x86_64-linux-gnu/openmpi/lib -imultiarch x86_64-linux-gnu -D_REENTRANT -D CMAKE_SYSTEM="Linux-6.8.0-51-generic" -D DAMASKVERSION="v3.0.1" -D FYAML -D GRID -D PETSC --param=l1-cache-size=32 --param=l1-cache-line-size=64 --param=l2-cache-size=512 -mtune=znver2 -mno-omit-leaf-frame-pointer -march=x86-64 -g -O2 -O2 -Wall -Wextra -Wcharacter-truncation -Wunderflow -Wsuggest-attribute=pure -Wsuggest-attribute=noreturn -Wconversion-extra -Wunused-parameter -std=f2018 -fno-omit-frame-pointer -ffile-prefix-map=/build/damask-XEckOy/damask-3.0.1=. -flto=auto -ffat-lto-objects -fstack-protector-strong -fstack-clash-protection -fcf-protection=full -fdebug-prefix-map=/build/damask-XEckOy/damask-3.0.1=/usr/src/damask-3.0.1-6~noble -fopenmp -fPIE -ffree-line-length-none -fimplicit-none -fallow-argument-mismatch -ffpe-summary=all -fpre-include=/usr/include/finclude/x86_64-linux-gnu/math-vector-fortran.h

 Compiled on: Jan 14 2025 at 07:40:31

 PETSc version: 3.19.6

 Date: 14/11/2025
 Time: 23:10:09

 Host name: UT170340
 User name: vincent

 Command line call:      DAMASK_grid --geom /home/vincent/local_Homogenization_for_Damask/projects/template_yield_surface_postprocessing_only/input_files/Polycrystal_25_5x5x5.vti --load /home/vincent/local_Homogenization_for_Damask/projects/template_yield_surface_postprocessing_only/damask_files/yield_surface/tensile_x_z_q1_1/LOADCASE.yaml --material /home/vincent/local_Homogenization_for_Damask/projects/template_yield_surface_postprocessing_only/input_files/titanium_assigned.yaml --numerics /home/vincent/local_Homogenization_for_Damask/projects/template_yield_surface_postprocessing_only/damask_files/yield_surface/tensile_x_z_q1_1/NUMERICS.yaml --jobname template_yield_surface_postprocessing_only --workingdirectory /home/vincent/local_Homogenization_for_Damask/projects/template_yield_surface_postprocessing_only/damask_files/yield_surface/tensile_x_z_q1_1

 Working directory:      /home/vincent/local_Homogenization_for_Damask/projects/template_yield_surface_postprocessing_only/damask_files/yield_surface/tensile_x_z_q1_1
 Geometry:               ../../../input_files/Polycrystal_25_5x5x5.vti <-- /home/vincent/local_Homogenization_for_Damask/projects/template_yield_surface_postprocessing_only/input_files/Polycrystal_25_5x5x5.vti
 Load case:              LOADCASE.yaml <-- /home/vincent/local_Homogenization_for_Damask/projects/template_yield_surface_postprocessing_only/damask_files/yield_surface/tensile_x_z_q1_1/LOADCASE.yaml
 Material config:        ../../../input_files/titanium_assigned.yaml <-- /home/vincent/local_Homogenization_for_Damask/projects/template_yield_surface_postprocessing_only/input_files/titanium_assigned.yaml
 Numerics config:        NUMERICS.yaml <-- /home/vincent/local_Homogenization_for_Damask/projects/template_yield_surface_postprocessing_only/damask_files/yield_surface/tensile_x_z_q1_1/NUMERICS.yaml
 Solver job name:        template_yield_surface_postprocessing_only

 <<<+-  system_routines init  -+>>>

 <<<+-  prec init  -+>>>

 integer size / bit:   32
   maximum value:              2147483647

 real size / bit:      64
   maximum value:      0.180+309
   minimum value:      0.223-307
   epsilon value:      0.222E-15
   decimal precision:  15

 <<<+-  misc init  -+>>>

 <<<+-  IO init  -+>>>

 <<<+-  base64 init  -+>>>

 <<<+-  types init  -+>>>

 <<<+-  YAML init  -+>>>

 libfyaml powered

 <<<+-  HDF5_utilities init  -+>>>

 <<<+-  result init  -+>>>

 M. Diehl et al., Integrating Materials and Manufacturing Innovation 6(1):83–91, 2017
 https://doi.org/10.1007/s40192-017-0084-5

 <<<+-  config init  -+>>>

 reading material configuration

 reading numerics configuration

 <<<+-  math init  -+>>>

 size  of random seed:      8
 value of random seed:      -1227906377  -913186918 -1977391153   791428323  -450568850 -1487661507  1614011322  1480701737
 start of random sequence: 
                           0.54132696019421
                           0.52936747133193
                           0.79991435465977
                           0.48276140227757

 <<<+-  rotations init  -+>>>

 D. Rowenhorst et al., Modelling and Simulation in Materials Science and Engineering 23:083501, 2015
 https://doi.org/10.1088/0965-0393/23/8/083501

 <<<+-  polynomials init  -+>>>

 <<<+-  tables init  -+>>>

 <<<+-  crystal init  -+>>>

 <<<+-  discretization_grid init  -+>>>

 cells:  5 × 5 × 5
 size:   1.00E-05 × 1.00E-05 × 1.00E-05 m³
 origin:  0.00E+00  0.00E+00  0.00E+00 m

 <<<+-  discretization init  -+>>>

 <<<+-  material init  -+>>>

 parsed material.yaml

 <<<+-  phase init  -+>>>

 phase 1: A

 references:
   - https://www.totalmateria.com/page.aspx?ID=CheckArticle&site=ktn&NM=221
   - https://en.wikipedia.org/wiki/Titanium

 <<<+-  phase:mechanical init  -+>>>

 <<<+-  phase:mechanical:elastic init  -+>>>

 <<<+-  phase:mechanical:elastic:Hooke init  -+>>>

 # phases: 1

 phase 1: A

 references:
   - E.S. Fisher and C.J. Renken, Physical Review 135(2A):A482-A494, 1964,
     https://doi.org/10.1103/PhysRev.135.A482, fit to Tab. IV (T_min=77K, 
     T_max=923K) 

 <<<+-  phase:mechanical:plasticity init  -+>>>

 <<<+-  phase:mechanical:plastic:phenopowerlaw init  -+>>>

 # phases: 1

 phase 1: A

 references:
   - C. Zambaldi et al., Journal of Materials Research 27(1):356-367, 2021,
     https://doi.org/10.1557/jmr.2011.334 
   - L. Wang et al., Acta Materialia 132:598-610, 2017,
     https://doi.org/10.1016/j.actamat.2017.05.015 

 <<<+-  phase:mechanical:eigen init  -+>>>

 <<<+-  phase:damage init  -+>>>

 <<<+-  phase:thermal init  -+>>>

 <<<+-  homogenization init  -+>>>

 <<<+-  homogenization:mechanical init  -+>>>

 <<<+-  homogenization:mechanical:pass init  -+>>>

 # homogenizations: 1

 <<<+-  homogenization:thermal init  -+>>>

 <<<+-  homogenization:damage init  -+>>>

 <<<+-  homogenization:damage:pass init  -+>>>

 <<<+-  materialpoint init  -+>>>

 deallocating material configuration

 <<<+-  DAMASK_grid init  -+>>>

 P. Shanthraj et al., Handbook of Mechanics of Materials, 2019
 https://doi.org/10.1007/978-981-10-6855-3_80

 <<<+-  spectral_utilities init  -+>>>

 M. Diehl, Diploma Thesis TU München, 2010
 https://doi.org/10.13140/2.1.3234.3840

 P. Eisenlohr et al., International Journal of Plasticity 46:37–53, 2013
 https://doi.org/10.1016/j.ijplas.2012.09.012

 P. Shanthraj et al., International Journal of Plasticity 66:31–45, 2015
 https://doi.org/10.1016/j.ijplas.2014.02.006

 P. Shanthraj et al., Handbook of Mechanics of Materials, 2019
 https://doi.org/10.1007/978-981-10-6855-3_80

 M. Frigo and S.G. Johnson, Proceedings of the IEEE 93(2):216–231, 2005
 https://doi.org/10.1109/jproc.2004.840301

 FFTW initialized

 <<<+-  grid_mechanical_spectral_basic init  -+>>>

 P. Eisenlohr et al., International Journal of Plasticity 46:37–53, 2013
 https://doi.org/10.1016/j.ijplas.2012.09.012

 P. Shanthraj et al., International Journal of Plasticity 66:31–45, 2015
 https://doi.org/10.1016/j.ijplas.2014.02.006

 ... evaluating constitutive response ......................................

 Piola--Kirchhoff stress       / MPa =
        0.0000         0.0000         0.0000
        0.0000         0.0000        -0.0000
        0.0000        -0.0000         0.0000

 deallocating numerics configuration

 ... saving initial configuration ..........................................

 load case: 1
  estimate_rate: F
  F:
       x             x             x      
     0.0000000       x             x      
     0.0000000     0.0000000       x      
  P / MPa:
      424.2641        0.0000        0.0000
       x              0.0000        0.0000
       x             x           -424.2641
  r: 1 (constant step width)
  t: 1000.000
  N: 15
  f_out: 1
  f_restart: 1

 ###########################################################################
 Time  6.66667E+01s: Increment 1/15-1/1 of load case 1/1
 Increment 1/15-1/1 @ Iteration 1≤0≤100

 deformation gradient aim       =
   1.0000000    0.0000000    0.0000000
   0.0000000    1.0000000    0.0000000
   0.0000000    0.0000000    1.0000000

 ... evaluating constitutive response ......................................

 Piola--Kirchhoff stress       / MPa =
       -0.0000         0.0000         0.0000
        0.0000        -0.0000        -0.0000
        0.0000        -0.0000        -0.0000

 ... doing gamma convolution ...............................................

 ... reporting .............................................................

 error divergence =         1.24 (1.24E-04 / m, tol =  1.00E-04)
 error stress BC  =     28284.27 (2.83E+07 Pa,  tol =  1.00E+03)

 ===========================================================================
 Increment 1/15-1/1 @ Iteration 1≤1≤100

 deformation gradient aim       =
   1.0003215   -0.0000002    0.0000018
   0.0000000    0.9999879   -0.0000059
   0.0000000    0.0000000    0.9996897

 ... evaluating constitutive response ......................................

 Piola--Kirchhoff stress       / MPa =
       28.3056         0.0000        -0.0000
        0.0000         0.0078         0.0002
        0.0000         0.0000       -28.2634

 ... doing gamma convolution ...............................................

 ... evaluating constitutive response ......................................

 Piola--Kirchhoff stress       / MPa =
       27.3442         0.0000        -0.0000
        0.0000         0.0073         0.0002
        0.0000         0.0000       -27.3049

 ... doing gamma convolution ...............................................

 ... reporting .............................................................

 error divergence =       715.19 (9.78E+06 / m, tol =  1.37E+04)
 error stress BC  =        35.82 (9.79E+05 Pa,  tol =  2.73E+04)

 ===========================================================================
 Increment 1/15-1/1 @ Iteration 1≤2≤100

 deformation gradient aim       =
   1.0003322   -0.0000002    0.0000018
   0.0000000    0.9999876   -0.0000061
   0.0000000    0.0000000    0.9996790

 ... evaluating constitutive response ......................................

 Piola--Kirchhoff stress       / MPa =
       27.7512         0.0384         0.0583
        0.0383         0.0137         0.0254
        0.0584         0.0252       -27.8099

 ... doing gamma convolution ...............................................

 ... evaluating constitutive response ......................................

 Piola--Kirchhoff stress       / MPa =
       28.2406         0.0376         0.0572
        0.0376         0.0138         0.0249
        0.0572         0.0247       -28.2959

 ... doing gamma convolution ...............................................

 ... reporting .............................................................

 error divergence =        94.34 (1.33E+06 / m, tol =  1.41E+04)
 error stress BC  =         2.02 (5.72E+04 Pa,  tol =  2.83E+04)

 ===========================================================================
 Increment 1/15-1/1 @ Iteration 1≤3≤100

 deformation gradient aim       =
   1.0003386   -0.0000019   -0.0000007
   0.0000000    0.9999868   -0.0000073
   0.0000000    0.0000000    0.9996737

 ... evaluating constitutive response ......................................

 Piola--Kirchhoff stress       / MPa =
       28.2780         0.0018         0.0027
        0.0018        -0.0061        -0.0004
        0.0027        -0.0006       -28.2625

 ... doing gamma convolution ...............................................

 ... evaluating constitutive response ......................................

 Piola--Kirchhoff stress       / MPa =
       28.2897         0.0032         0.0049
        0.0032        -0.0055         0.0006
        0.0049         0.0004       -28.2775

 ... doing gamma convolution ...............................................

 ... reporting .............................................................

 error divergence =        13.66 (1.93E+05 / m, tol =  1.41E+04)
 error stress BC  =         0.24 (6.80E+03 Pa,  tol =  2.83E+04)

 ===========================================================================
 Increment 1/15-1/1 @ Iteration 1≤4≤100

 deformation gradient aim       =
   1.0003386   -0.0000021   -0.0000009
   0.0000000    0.9999869   -0.0000073
   0.0000000    0.0000000    0.9996734

 ... evaluating constitutive response ......................................

 Piola--Kirchhoff stress       / MPa =
       28.2851         0.0007         0.0010
        0.0007        -0.0011        -0.0011
        0.0010        -0.0013       -28.2843

 ... doing gamma convolution ...............................................

 ... evaluating constitutive response ......................................

 Piola--Kirchhoff stress       / MPa =
       28.2850         0.0001         0.0002
        0.0001        -0.0013        -0.0015
        0.0002        -0.0016       -28.2833

 ... doing gamma convolution ...............................................

 ... reporting .............................................................

 error divergence =         1.80 (2.55E+04 / m, tol =  1.41E+04)
 error stress BC  =         0.05 (1.46E+03 Pa,  tol =  2.83E+04)

 ===========================================================================
 Increment 1/15-1/1 @ Iteration 1≤5≤100

 deformation gradient aim       =
   1.0003386   -0.0000021   -0.0000009
   0.0000000    0.9999870   -0.0000072
   0.0000000    0.0000000    0.9996734

 ... evaluating constitutive response ......................................

 Piola--Kirchhoff stress       / MPa =
       28.2843        -0.0000         0.0002
       -0.0000        -0.0000        -0.0001
        0.0003        -0.0003       -28.2843

 ... doing gamma convolution ...............................................

 ... evaluating constitutive response ......................................

 Piola--Kirchhoff stress       / MPa =
       28.2842        -0.0001         0.0002
       -0.0001         0.0000        -0.0001
        0.0002        -0.0003       -28.2844

 ... doing gamma convolution ...............................................

 ... reporting .............................................................

 error divergence =         0.25 (3.59E+03 / m, tol =  1.41E+04)
 error stress BC  =         0.01 (1.53E+02 Pa,  tol =  2.83E+04)

 ===========================================================================

 increment 1 converged

 ... saving results ........................................................
 saving solver data required for restart
 saving field and constitutive data required for restart

 ###########################################################################
 Time  1.33333E+02s: Increment 2/15-1/1 of load case 1/1
 Increment 2/15-1/1 @ Iteration 1≤0≤100

 deformation gradient aim       =
   1.0006772   -0.0000042   -0.0000019
   0.0000000    0.9999739   -0.0000145
   0.0000000    0.0000000    0.9993469

 ... evaluating constitutive response ......................................

 Piola--Kirchhoff stress       / MPa =
       58.5732        -0.0818        -0.1248
       -0.0818        -0.0100        -0.0477
       -0.1247        -0.0485       -58.4711

 ... doing gamma convolution ...............................................

 ... reporting .............................................................

 error divergence =        24.21 (7.09E+05 / m, tol =  2.93E+04)
 error stress BC  =        34.23 (2.00E+06 Pa,  tol =  5.86E+04)

 ===========================================================================
 Increment 2/15-1/1 @ Iteration 1≤1≤100

 deformation gradient aim       =
   1.0006547   -0.0000022    0.0000008
   0.0000000    0.9999752   -0.0000130
   0.0000000    0.0000000    0.9993680

 ... evaluating constitutive response ......................................

 Piola--Kirchhoff stress       / MPa =
       56.5266         0.0044         0.0061
        0.0044         0.0000         0.0025
        0.0062         0.0017       -56.5372

 ... doing gamma convolution ...............................................

 ... evaluating constitutive response ......................................

 Piola--Kirchhoff stress       / MPa =
       56.6953        -0.0027        -0.0046
       -0.0027        -0.0008        -0.0017
       -0.0046        -0.0024       -56.6966

 ... doing gamma convolution ...............................................

 ... reporting .............................................................

 error divergence =        21.96 (6.23E+05 / m, tol =  2.83E+04)
 error stress BC  =         2.26 (1.28E+05 Pa,  tol =  5.67E+04)

 ===========================================================================
 Increment 2/15-1/1 @ Iteration 1≤2≤100

 deformation gradient aim       =
   1.0006537   -0.0000023    0.0000008
   0.0000000    0.9999752   -0.0000130
   0.0000000    0.0000000    0.9993690

 ... evaluating constitutive response ......................................

 Piola--Kirchhoff stress       / MPa =
       56.6029        -0.0038        -0.0053
       -0.0038        -0.0016        -0.0023
       -0.0052        -0.0031       -56.5982

 ... doing gamma convolution ...............................................

 ... evaluating constitutive response ......................................

 Piola--Kirchhoff stress       / MPa =
       56.5727        -0.0025        -0.0033
       -0.0025        -0.0015        -0.0016
       -0.0032        -0.0023       -56.5697

 ... doing gamma convolution ...............................................

 ... reporting .............................................................

 error divergence =         3.32 (9.39E+04 / m, tol =  2.83E+04)
 error stress BC  =         0.07 (4.18E+03 Pa,  tol =  5.66E+04)

 ===========================================================================
 Increment 2/15-1/1 @ Iteration 1≤3≤100

 deformation gradient aim       =
   1.0006533   -0.0000021    0.0000010
   0.0000000    0.9999752   -0.0000129
   0.0000000    0.0000000    0.9993694

 ... evaluating constitutive response ......................................

 Piola--Kirchhoff stress       / MPa =
       56.5697        -0.0002        -0.0003
       -0.0002         0.0003        -0.0001
       -0.0003        -0.0008       -56.5706

 ... doing gamma convolution ...............................................

 ... evaluating constitutive response ......................................

 Piola--Kirchhoff stress       / MPa =
       56.5682        -0.0003        -0.0004
       -0.0003         0.0003        -0.0001
       -0.0003        -0.0009       -56.5689

 ... doing gamma convolution ...............................................

 ... reporting .............................................................

 error divergence =         0.45 (1.26E+04 / m, tol =  2.83E+04)
 error stress BC  =         0.01 (3.89E+02 Pa,  tol =  5.66E+04)

 ===========================================================================

 increment 2 converged

 ... saving results ........................................................
 saving solver data required for restart
 saving field and constitutive data required for restart

 ###########################################################################
 Time  2.00000E+02s: Increment 3/15-1/1 of load case 1/1
 Increment 3/15-1/1 @ Iteration 1≤0≤100

 deformation gradient aim       =
   1.0009679   -0.0000021    0.0000029
   0.0000000    0.9999635   -0.0000186
   0.0000000    0.0000000    0.9990653

 ... evaluating constitutive response ......................................

 Piola--Kirchhoff stress       / MPa =
       83.6609         0.0511         0.0781
        0.0511         0.0336         0.0309
        0.0782         0.0293       -83.5841

 ... doing gamma convolution ...............................................

 ... reporting .............................................................

 error divergence =        10.45 (4.37E+05 / m, tol =  4.18E+04)
 error stress BC  =        15.16 (1.27E+06 Pa,  tol =  8.37E+04)

 ===========================================================================
 Increment 3/15-1/1 @ Iteration 1≤1≤100

 deformation gradient aim       =
   1.0009818   -0.0000033    0.0000012
   0.0000000    0.9999629   -0.0000196
   0.0000000    0.0000000    0.9990517

 ... evaluating constitutive response ......................................

 Piola--Kirchhoff stress       / MPa =
       84.8786        -0.0029        -0.0040
       -0.0029         0.0003        -0.0015
       -0.0039        -0.0031       -84.8728

 ... doing gamma convolution ...............................................

 ... evaluating constitutive response ......................................

 Piola--Kirchhoff stress       / MPa =
       84.7792         0.0015         0.0027
        0.0015         0.0030         0.0012
        0.0028        -0.0005       -84.7675

 ... doing gamma convolution ...............................................

 ... reporting .............................................................

 error divergence =         9.23 (3.91E+05 / m, tol =  4.24E+04)
 error stress BC  =         1.01 (8.53E+04 Pa,  tol =  8.48E+04)

 ===========================================================================
 Increment 3/15-1/1 @ Iteration 1≤2≤100

 deformation gradient aim       =
   1.0009824   -0.0000033    0.0000013
   0.0000000    0.9999629   -0.0000196
   0.0000000    0.0000000    0.9990510

 ... evaluating constitutive response ......................................

 Piola--Kirchhoff stress       / MPa =
       84.8314         0.0024         0.0033
        0.0024         0.0007         0.0015
        0.0034        -0.0001       -84.8340

 ... doing gamma convolution ...............................................

 ... evaluating constitutive response ......................................

 Piola--Kirchhoff stress       / MPa =
       84.8492         0.0016         0.0021
        0.0016         0.0002         0.0010
        0.0022        -0.0006       -84.8528

 ... doing gamma convolution ...............................................

 ... reporting .............................................................

 error divergence =         1.39 (5.89E+04 / m, tol =  4.24E+04)
 error stress BC  =         0.04 (3.58E+03 Pa,  tol =  8.49E+04)

 ===========================================================================
 Increment 3/15-1/1 @ Iteration 1≤3≤100

 deformation gradient aim       =
   1.0009826   -0.0000034    0.0000011
   0.0000000    0.9999628   -0.0000196
   0.0000000    0.0000000    0.9990508

 ... evaluating constitutive response ......................................

 Piola--Kirchhoff stress       / MPa =
       84.8521         0.0001         0.0002
        0.0001        -0.0002         0.0001
        0.0003        -0.0016       -84.8515

 ... doing gamma convolution ...............................................

 ... evaluating constitutive response ......................................

 Piola--Kirchhoff stress       / MPa =
       84.8529         0.0002         0.0002
        0.0002        -0.0003         0.0001
        0.0003        -0.0016       -84.8526

 ... doing gamma convolution ...............................................

 ... reporting .............................................................

 error divergence =         0.19 (7.89E+03 / m, tol =  4.24E+04)
 error stress BC  =         0.00 (2.51E+02 Pa,  tol =  8.49E+04)

 ===========================================================================

 increment 3 converged

 ... saving results ........................................................
 saving solver data required for restart
 saving field and constitutive data required for restart

 ###########################################################################
 Time  2.66667E+02s: Increment 4/15-1/1 of load case 1/1
 Increment 4/15-1/1 @ Iteration 1≤0≤100

 deformation gradient aim       =
   1.0013120   -0.0000047    0.0000013
   0.0000000    0.9999505   -0.0000263
   0.0000000    0.0000000    0.9987322

 ... evaluating constitutive response ......................................

 Piola--Kirchhoff stress       / MPa =
      113.4470        -0.0146        -0.0153
       -0.0145         0.0095        -0.0080
       -0.0152        -0.0110      -113.3746

 ... doing gamma convolution ...............................................

 ... reporting .............................................................

 error divergence =         3.15 (1.79E+05 / m, tol =  5.67E+04)
 error stress BC  =         2.73 (3.10E+05 Pa,  tol =  1.13E+05)

 ===========================================================================
 Increment 4/15-1/1 @ Iteration 1≤1≤100

 deformation gradient aim       =
   1.0013087   -0.0000044    0.0000016
   0.0000000    0.9999507   -0.0000261
   0.0000000    0.0000000    0.9987350

 ... evaluating constitutive response ......................................

 Piola--Kirchhoff stress       / MPa =
      113.1289         0.0006         0.0012
        0.0006        -0.0005         0.0005
        0.0014        -0.0025      -113.1301

 ... doing gamma convolution ...............................................

 ... evaluating constitutive response ......................................

 Piola--Kirchhoff stress       / MPa =
      113.1590        -0.0008        -0.0004
       -0.0008         0.0004        -0.0003
       -0.0002        -0.0033      -113.1532

 ... doing gamma convolution ...............................................

 ... reporting .............................................................

 error divergence =         1.50 (8.49E+04 / m, tol =  5.66E+04)
 error stress BC  =         0.19 (2.19E+04 Pa,  tol =  1.13E+05)

 ===========================================================================
 Increment 4/15-1/1 @ Iteration 1≤2≤100

 deformation gradient aim       =
   1.0013085   -0.0000044    0.0000016
   0.0000000    0.9999507   -0.0000261
   0.0000000    0.0000000    0.9987351

 ... evaluating constitutive response ......................................

 Piola--Kirchhoff stress       / MPa =
      113.1417        -0.0005        -0.0006
       -0.0005        -0.0005        -0.0003
       -0.0004        -0.0033      -113.1408

 ... doing gamma convolution ...............................................

 ... evaluating constitutive response ......................................

 Piola--Kirchhoff stress       / MPa =
      113.1378        -0.0003        -0.0004
       -0.0003        -0.0006        -0.0002
       -0.0002        -0.0032      -113.1377

 ... doing gamma convolution ...............................................

 ... reporting .............................................................

 error divergence =         0.23 (1.28E+04 / m, tol =  5.66E+04)
 error stress BC  =         0.01 (6.91E+02 Pa,  tol =  1.13E+05)

 ===========================================================================

 increment 4 converged

 ... saving results ........................................................
 saving solver data required for restart
 saving field and constitutive data required for restart

 ###########################################################################
 Time  3.33333E+02s: Increment 5/15-1/1 of load case 1/1
 Increment 5/15-1/1 @ Iteration 1≤0≤100

 deformation gradient aim       =
   1.0016343   -0.0000053    0.0000021
   0.0000000    0.9999386   -0.0000325
   0.0000000    0.0000000    0.9984196

 ... evaluating constitutive response ......................................

 Piola--Kirchhoff stress       / MPa =
      140.8560        -0.0974         0.0644
       -0.0973         0.0353         0.0071
        0.0645         0.0025      -140.8072

 ... doing gamma convolution ...............................................

 ... reporting .............................................................

 error divergence =        42.25 (2.98E+06 / m, tol =  7.04E+04)
 error stress BC  =         4.36 (6.14E+05 Pa,  tol =  1.41E+05)

 ===========================================================================
 Increment 5/15-1/1 @ Iteration 1≤1≤100

 deformation gradient aim       =
   1.0016410   -0.0000030    0.0000007
   0.0000000    0.9999382   -0.0000328
   0.0000000    0.0000000    0.9984130

 ... evaluating constitutive response ......................................

 Piola--Kirchhoff stress       / MPa =
      141.2600        -0.0248         0.0209
       -0.0248        -0.0065         0.0082
        0.0209         0.0036      -141.2592

 ... doing gamma convolution ...............................................

 ... evaluating constitutive response ......................................

 Piola--Kirchhoff stress       / MPa =
      141.4247         0.0048         0.0031
        0.0047        -0.0238         0.0087
        0.0031         0.0041      -141.4441

 ... doing gamma convolution ...............................................

 ... reporting .............................................................

 error divergence =         7.84 (5.55E+05 / m, tol =  7.07E+04)
 error stress BC  =         0.17 (2.38E+04 Pa,  tol =  1.41E+05)

 ===========================================================================
 Increment 5/15-1/1 @ Iteration 1≤2≤100

 deformation gradient aim       =
   1.0016427   -0.0000025    0.0000001
   0.0000000    0.9999384   -0.0000332
   0.0000000    0.0000000    0.9984114

 ... evaluating constitutive response ......................................

 Piola--Kirchhoff stress       / MPa =
      141.4100         0.0015         0.0023
        0.0015        -0.0016        -0.0005
        0.0023        -0.0052      -141.4075

 ... doing gamma convolution ...............................................

 ... evaluating constitutive response ......................................

 Piola--Kirchhoff stress       / MPa =
      141.4279         0.0046         0.0003
        0.0046        -0.0025        -0.0010
        0.0003        -0.0057      -141.4267

 ... doing gamma convolution ...............................................

 ... reporting .............................................................

 error divergence =         1.63 (1.16E+05 / m, tol =  7.07E+04)
 error stress BC  =         0.05 (6.57E+03 Pa,  tol =  1.41E+05)

 ===========================================================================
 Increment 5/15-1/1 @ Iteration 1≤3≤100

 deformation gradient aim       =
   1.0016427   -0.0000027    0.0000001
   0.0000000    0.9999384   -0.0000331
   0.0000000    0.0000000    0.9984113

 ... evaluating constitutive response ......................................

 Piola--Kirchhoff stress       / MPa =
      141.4228         0.0001        -0.0005
        0.0001        -0.0002        -0.0007
       -0.0005        -0.0053      -141.4226

 ... doing gamma convolution ...............................................

 ... evaluating constitutive response ......................................

 Piola--Kirchhoff stress       / MPa =
      141.4215        -0.0007        -0.0006
       -0.0007         0.0010        -0.0010
       -0.0006        -0.0057      -141.4206

 ... doing gamma convolution ...............................................

 ... reporting .............................................................

 error divergence =         0.35 (2.50E+04 / m, tol =  7.07E+04)
 error stress BC  =         0.01 (1.03E+03 Pa,  tol =  1.41E+05)

 ===========================================================================

 increment 5 converged

 ... saving results ........................................................
 saving solver data required for restart
 saving field and constitutive data required for restart

 ###########################################################################
 Time  4.00000E+02s: Increment 6/15-1/1 of load case 1/1
 Increment 6/15-1/1 @ Iteration 1≤0≤100

 deformation gradient aim       =
   1.0019769   -0.0000010   -0.0000014
   0.0000000    0.9999261   -0.0000402
   0.0000000    0.0000000    0.9980874

 ... evaluating constitutive response ......................................

 Piola--Kirchhoff stress       / MPa =
      167.7128        -0.3825         0.1319
       -0.3817         0.1360         0.1011
        0.1312         0.0940      -167.7525

 ... doing gamma convolution ...............................................

 ... reporting .............................................................

 error divergence =       106.92 (8.97E+06 / m, tol =  8.39E+04)
 error stress BC  =        11.88 (1.99E+06 Pa,  tol =  1.68E+05)

 ===========================================================================
 Increment 6/15-1/1 @ Iteration 1≤1≤100

 deformation gradient aim       =
   1.0020008    0.0000083   -0.0000044
   0.0000000    0.9999239   -0.0000428
   0.0000000    0.0000000    0.9980652

 ... evaluating constitutive response ......................................

 Piola--Kirchhoff stress       / MPa =
      168.9224        -0.1096         0.0696
       -0.1094         0.0067         0.0799
        0.0686         0.0725      -168.9564

 ... doing gamma convolution ...............................................

 ... evaluating constitutive response ......................................

 Piola--Kirchhoff stress       / MPa =
      169.7814         0.0851         0.0257
        0.0850        -0.0862         0.0665
        0.0244         0.0587      -169.8130

 ... doing gamma convolution ...............................................

 ... reporting .............................................................

 error divergence =        25.05 (2.13E+06 / m, tol =  8.49E+04)
 error stress BC  =         0.63 (1.07E+05 Pa,  tol =  1.70E+05)

 ===========================================================================
 Increment 6/15-1/1 @ Iteration 1≤2≤100

 deformation gradient aim       =
   1.0020088    0.0000090   -0.0000066
   0.0000000    0.9999241   -0.0000462
   0.0000000    0.0000000    0.9980575

 ... evaluating constitutive response ......................................

 Piola--Kirchhoff stress       / MPa =
      169.6307        -0.0020         0.0144
       -0.0020         0.0023         0.0100
        0.0131         0.0022      -169.6313

 ... doing gamma convolution ...............................................

 ... evaluating constitutive response ......................................

 Piola--Kirchhoff stress       / MPa =
      169.7104         0.0098         0.0083
        0.0098         0.0018         0.0022
        0.0069        -0.0058      -169.7070

 ... doing gamma convolution ...............................................

 ... reporting .............................................................

 error divergence =         6.74 (5.72E+05 / m, tol =  8.49E+04)
 error stress BC  =         0.06 (9.78E+03 Pa,  tol =  1.70E+05)

 ===========================================================================
 Increment 6/15-1/1 @ Iteration 1≤3≤100

 deformation gradient aim       =
   1.0020096    0.0000089   -0.0000071
   0.0000000    0.9999240   -0.0000465
   0.0000000    0.0000000    0.9980566

 ... evaluating constitutive response ......................................

 Piola--Kirchhoff stress       / MPa =
      169.7109         0.0025         0.0002
        0.0025         0.0011        -0.0004
       -0.0011        -0.0083      -169.7122

 ... doing gamma convolution ...............................................

 ... evaluating constitutive response ......................................

 Piola--Kirchhoff stress       / MPa =
      169.7033        -0.0050        -0.0030
       -0.0049         0.0067        -0.0052
       -0.0043        -0.0132      -169.7038

 ... doing gamma convolution ...............................................

 ... reporting .............................................................

 error divergence =         1.98 (1.68E+05 / m, tol =  8.49E+04)
 error stress BC  =         0.04 (6.75E+03 Pa,  tol =  1.70E+05)

 ===========================================================================
 Increment 6/15-1/1 @ Iteration 1≤4≤100

 deformation gradient aim       =
   1.0020096    0.0000089   -0.0000070
   0.0000000    0.9999240   -0.0000464
   0.0000000    0.0000000    0.9980567

 ... evaluating constitutive response ......................................

 Piola--Kirchhoff stress       / MPa =
      169.7048        -0.0004        -0.0001
       -0.0004         0.0002         0.0001
       -0.0014        -0.0079      -169.7052

 ... doing gamma convolution ...............................................

 ... evaluating constitutive response ......................................

 Piola--Kirchhoff stress       / MPa =
      169.7049        -0.0005        -0.0004
       -0.0005        -0.0009         0.0007
       -0.0017        -0.0072      -169.7057

 ... doing gamma convolution ...............................................

 ... reporting .............................................................

 error divergence =         0.53 (4.50E+04 / m, tol =  8.49E+04)
 error stress BC  =         0.01 (9.48E+02 Pa,  tol =  1.70E+05)

 ===========================================================================

 increment 6 converged

 ... saving results ........................................................
 saving solver data required for restart
 saving field and constitutive data required for restart

 ###########################################################################
 Time  4.66667E+02s: Increment 7/15-1/1 of load case 1/1
 Increment 7/15-1/1 @ Iteration 1≤0≤100

 deformation gradient aim       =
   1.0023765    0.0000205   -0.0000141
   0.0000000    0.9999095   -0.0000597
   0.0000000    0.0000000    0.9977021

 ... evaluating constitutive response ......................................

 Piola--Kirchhoff stress       / MPa =
      194.3392        -0.7106         0.0393
       -0.7088         0.3056         0.1409
        0.0366         0.1289      -194.5484

 ... doing gamma convolution ...............................................

 ... reporting .............................................................

 error divergence =        80.20 (7.80E+06 / m, tol =  9.73E+04)
 error stress BC  =        18.77 (3.65E+06 Pa,  tol =  1.95E+05)

 ===========================================================================
 Increment 7/15-1/1 @ Iteration 1≤1≤100

 deformation gradient aim       =
   1.0024226    0.0000390   -0.0000152
   0.0000000    0.9999046   -0.0000640
   0.0000000    0.0000000    0.9976604

