
 <<<+-  parallelization init  -+>>>

 Open MPI v4.1.6, package: Debian OpenMPI, ident: 4.1.6, repo rev: v4.1.6, Sep 30, 2023
 MPI standard: 3.1
 OpenMP version: 201511

 MPI processes: 1
 Could not get $OMP_NUM_THREADS, using default
 OMP_NUM_THREADS: 4

 <<<+-  CLI init  -+>>>

     _/_/_/      _/_/    _/      _/    _/_/      _/_/_/  _/    _/    _/_/_/
    _/    _/  _/    _/  _/_/  _/_/  _/    _/  _/        _/  _/            _/
   _/    _/  _/_/_/_/  _/  _/  _/  _/_/_/_/    _/_/    _/_/          _/_/
  _/    _/  _/    _/  _/      _/  _/    _/        _/  _/  _/            _/
 _/_/_/    _/    _/  _/      _/  _/    _/  _/_/_/    _/    _/    _/_/_/
 Grid solver

 F. Roters et al., Computational Materials Science 158:420–478, 2019
 https://doi.org/10.1016/j.commatsci.2018.04.030

 S. Balay et al., PETSc/TAO User Manual Revision 3.19
 https://doi.org/10.2172/1968587

 Version: v3.0.1

 Compiled with: GCC version 13.3.0
 Compiled on: Linux-6.8.0-51-generic
 Compiler options: -cpp -I /usr/lib/petscdir/petsc3.19/x86_64-linux-gnu-real/include -I /usr/include/hypre -I /usr/include/suitesparse -I /usr/include/superlu -I /usr/include/superlu-dist -I /usr/include/trilinos -I /usr/include/scotch -I /usr/include/hdf5/openmpi -I /usr/include/hdf5/serial -I /usr/include -I /usr/lib/x86_64-linux-gnu/openmpi/lib/../../fortran/gfortran-mod-15/openmpi -I /usr/lib/x86_64-linux-gnu/openmpi/lib -imultiarch x86_64-linux-gnu -D_REENTRANT -D CMAKE_SYSTEM="Linux-6.8.0-51-generic" -D DAMASKVERSION="v3.0.1" -D FYAML -D GRID -D PETSC --param=l1-cache-size=32 --param=l1-cache-line-size=64 --param=l2-cache-size=512 -mtune=znver2 -mno-omit-leaf-frame-pointer -march=x86-64 -g -O2 -O2 -Wall -Wextra -Wcharacter-truncation -Wunderflow -Wsuggest-attribute=pure -Wsuggest-attribute=noreturn -Wconversion-extra -Wunused-parameter -std=f2018 -fno-omit-frame-pointer -ffile-prefix-map=/build/damask-XEckOy/damask-3.0.1=. -flto=auto -ffat-lto-objects -fstack-protector-strong -fstack-clash-protection -fcf-protection=full -fdebug-prefix-map=/build/damask-XEckOy/damask-3.0.1=/usr/src/damask-3.0.1-6~noble -fopenmp -fPIE -ffree-line-length-none -fimplicit-none -fallow-argument-mismatch -ffpe-summary=all -fpre-include=/usr/include/finclude/x86_64-linux-gnu/math-vector-fortran.h

 Compiled on: Jan 14 2025 at 07:40:31

 PETSc version: 3.19.6

 Date: 14/11/2025
 Time: 23:10:42

 Host name: UT170340
 User name: vincent

 Command line call:      DAMASK_grid --geom /home/vincent/local_Homogenization_for_Damask/projects/template_yield_surface_postprocessing_only/input_files/Polycrystal_25_5x5x5.vti --load /home/vincent/local_Homogenization_for_Damask/projects/template_yield_surface_postprocessing_only/damask_files/yield_surface/shear_xy_yz_q0_1/LOADCASE.yaml --material /home/vincent/local_Homogenization_for_Damask/projects/template_yield_surface_postprocessing_only/input_files/titanium_assigned.yaml --numerics /home/vincent/local_Homogenization_for_Damask/projects/template_yield_surface_postprocessing_only/damask_files/yield_surface/shear_xy_yz_q0_1/NUMERICS.yaml --jobname template_yield_surface_postprocessing_only --workingdirectory /home/vincent/local_Homogenization_for_Damask/projects/template_yield_surface_postprocessing_only/damask_files/yield_surface/shear_xy_yz_q0_1

 Working directory:      /home/vincent/local_Homogenization_for_Damask/projects/template_yield_surface_postprocessing_only/damask_files/yield_surface/shear_xy_yz_q0_1
 Geometry:               ../../../input_files/Polycrystal_25_5x5x5.vti <-- /home/vincent/local_Homogenization_for_Damask/projects/template_yield_surface_postprocessing_only/input_files/Polycrystal_25_5x5x5.vti
 Load case:              LOADCASE.yaml <-- /home/vincent/local_Homogenization_for_Damask/projects/template_yield_surface_postprocessing_only/damask_files/yield_surface/shear_xy_yz_q0_1/LOADCASE.yaml
 Material config:        ../../../input_files/titanium_assigned.yaml <-- /home/vincent/local_Homogenization_for_Damask/projects/template_yield_surface_postprocessing_only/input_files/titanium_assigned.yaml
 Numerics config:        NUMERICS.yaml <-- /home/vincent/local_Homogenization_for_Damask/projects/template_yield_surface_postprocessing_only/damask_files/yield_surface/shear_xy_yz_q0_1/NUMERICS.yaml
 Solver job name:        template_yield_surface_postprocessing_only

 <<<+-  system_routines init  -+>>>

 <<<+-  prec init  -+>>>

 integer size / bit:   32
   maximum value:              2147483647

 real size / bit:      64
   maximum value:      0.180+309
   minimum value:      0.223-307
   epsilon value:      0.222E-15
   decimal precision:  15

 <<<+-  misc init  -+>>>

 <<<+-  IO init  -+>>>

 <<<+-  base64 init  -+>>>

 <<<+-  types init  -+>>>

 <<<+-  YAML init  -+>>>

 libfyaml powered

 <<<+-  HDF5_utilities init  -+>>>

 <<<+-  result init  -+>>>

 M. Diehl et al., Integrating Materials and Manufacturing Innovation 6(1):83–91, 2017
 https://doi.org/10.1007/s40192-017-0084-5

 <<<+-  config init  -+>>>

 reading material configuration

 reading numerics configuration

 <<<+-  math init  -+>>>

 size  of random seed:      8
 value of random seed:        873727671   677528568 -1675635327  -891846817 -1049367809 -1560897908 -2086235471 -1582744009
 start of random sequence: 
                           0.21771198791610
                           0.55340563389785
                           0.27692164698136
                           0.82563356140316

 <<<+-  rotations init  -+>>>

 D. Rowenhorst et al., Modelling and Simulation in Materials Science and Engineering 23:083501, 2015
 https://doi.org/10.1088/0965-0393/23/8/083501

 <<<+-  polynomials init  -+>>>

 <<<+-  tables init  -+>>>

 <<<+-  crystal init  -+>>>

 <<<+-  discretization_grid init  -+>>>

 cells:  5 × 5 × 5
 size:   1.00E-05 × 1.00E-05 × 1.00E-05 m³
 origin:  0.00E+00  0.00E+00  0.00E+00 m

 <<<+-  discretization init  -+>>>

 <<<+-  material init  -+>>>

 parsed material.yaml

 <<<+-  phase init  -+>>>

 phase 1: A

 references:
   - https://www.totalmateria.com/page.aspx?ID=CheckArticle&site=ktn&NM=221
   - https://en.wikipedia.org/wiki/Titanium

 <<<+-  phase:mechanical init  -+>>>

 <<<+-  phase:mechanical:elastic init  -+>>>

 <<<+-  phase:mechanical:elastic:Hooke init  -+>>>

 # phases: 1

 phase 1: A

 references:
   - E.S. Fisher and C.J. Renken, Physical Review 135(2A):A482-A494, 1964,
     https://doi.org/10.1103/PhysRev.135.A482, fit to Tab. IV (T_min=77K, 
     T_max=923K) 

 <<<+-  phase:mechanical:plasticity init  -+>>>

 <<<+-  phase:mechanical:plastic:phenopowerlaw init  -+>>>

 # phases: 1

 phase 1: A

 references:
   - C. Zambaldi et al., Journal of Materials Research 27(1):356-367, 2021,
     https://doi.org/10.1557/jmr.2011.334 
   - L. Wang et al., Acta Materialia 132:598-610, 2017,
     https://doi.org/10.1016/j.actamat.2017.05.015 

 <<<+-  phase:mechanical:eigen init  -+>>>

 <<<+-  phase:damage init  -+>>>

 <<<+-  phase:thermal init  -+>>>

 <<<+-  homogenization init  -+>>>

 <<<+-  homogenization:mechanical init  -+>>>

 <<<+-  homogenization:mechanical:pass init  -+>>>

 # homogenizations: 1

 <<<+-  homogenization:thermal init  -+>>>

 <<<+-  homogenization:damage init  -+>>>

 <<<+-  homogenization:damage:pass init  -+>>>

 <<<+-  materialpoint init  -+>>>

 deallocating material configuration

 <<<+-  DAMASK_grid init  -+>>>

 P. Shanthraj et al., Handbook of Mechanics of Materials, 2019
 https://doi.org/10.1007/978-981-10-6855-3_80

 <<<+-  spectral_utilities init  -+>>>

 M. Diehl, Diploma Thesis TU München, 2010
 https://doi.org/10.13140/2.1.3234.3840

 P. Eisenlohr et al., International Journal of Plasticity 46:37–53, 2013
 https://doi.org/10.1016/j.ijplas.2012.09.012

 P. Shanthraj et al., International Journal of Plasticity 66:31–45, 2015
 https://doi.org/10.1016/j.ijplas.2014.02.006

 P. Shanthraj et al., Handbook of Mechanics of Materials, 2019
 https://doi.org/10.1007/978-981-10-6855-3_80

 M. Frigo and S.G. Johnson, Proceedings of the IEEE 93(2):216–231, 2005
 https://doi.org/10.1109/jproc.2004.840301

 FFTW initialized

 <<<+-  grid_mechanical_spectral_basic init  -+>>>

 P. Eisenlohr et al., International Journal of Plasticity 46:37–53, 2013
 https://doi.org/10.1016/j.ijplas.2012.09.012

 P. Shanthraj et al., International Journal of Plasticity 66:31–45, 2015
 https://doi.org/10.1016/j.ijplas.2014.02.006

 ... evaluating constitutive response ......................................

 Piola--Kirchhoff stress       / MPa =
        0.0000         0.0000         0.0000
        0.0000         0.0000        -0.0000
        0.0000        -0.0000         0.0000

 deallocating numerics configuration

 ... saving initial configuration ..........................................

 load case: 1
  estimate_rate: F
  F:
       x             x             x      
     0.0000000       x             x      
     0.0000000     0.0000000       x      
  P / MPa:
        0.0000      247.4874        0.0000
       x              0.0000      247.4874
       x             x              0.0000
  r: 1 (constant step width)
  t: 1000.000
  N: 15
  f_out: 1
  f_restart: 1

 ###########################################################################
 Time  6.66667E+01s: Increment 1/15-1/1 of load case 1/1
 Increment 1/15-1/1 @ Iteration 1≤0≤100

 deformation gradient aim       =
   1.0000000    0.0000000    0.0000000
   0.0000000    1.0000000    0.0000000
   0.0000000    0.0000000    1.0000000

 ... evaluating constitutive response ......................................

 Piola--Kirchhoff stress       / MPa =
       -0.0000         0.0000         0.0000
        0.0000        -0.0000        -0.0000
        0.0000        -0.0000        -0.0000

 ... doing gamma convolution ...............................................

 ... reporting .............................................................

 error divergence =         1.24 (1.24E-04 / m, tol =  1.00E-04)
 error stress BC  =     16499.16 (1.65E+07 Pa,  tol =  1.00E+03)

 ===========================================================================
 Increment 1/15-1/1 @ Iteration 1≤1≤100

 deformation gradient aim       =
   0.9999973    0.0003856   -0.0000025
   0.0000000    1.0000018    0.0003629
   0.0000000    0.0000000    1.0000009

 ... evaluating constitutive response ......................................

 Piola--Kirchhoff stress       / MPa =
        0.0174        16.4990         0.0064
       16.4991         0.0233        16.4992
       -0.0000        16.4991         0.0167

 ... doing gamma convolution ...............................................

 ... evaluating constitutive response ......................................

 Piola--Kirchhoff stress       / MPa =
        0.0169        16.2938         0.0062
       16.2939         0.0227        16.2939
       -0.0000        16.2939         0.0163

 ... doing gamma convolution ...............................................

 ... reporting .............................................................

 error divergence =       956.57 (7.79E+06 / m, tol =  8.15E+03)
 error stress BC  =        12.60 (2.05E+05 Pa,  tol =  1.63E+04)

 ===========================================================================
 Increment 1/15-1/1 @ Iteration 1≤2≤100

 deformation gradient aim       =
   0.9999972    0.0003904   -0.0000028
   0.0000000    1.0000016    0.0003674
   0.0000000    0.0000000    1.0000008

 ... evaluating constitutive response ......................................

 Piola--Kirchhoff stress       / MPa =
        0.0229        16.2434        -0.0791
       16.2434         0.0414        16.2867
       -0.0854        16.2867        -0.0589

 ... doing gamma convolution ...............................................

 ... evaluating constitutive response ......................................

 Piola--Kirchhoff stress       / MPa =
        0.0233        16.4752        -0.0774
       16.4753         0.0418        16.5178
       -0.0839        16.5178        -0.0571

 ... doing gamma convolution ...............................................

 ... reporting .............................................................

 error divergence =       113.45 (9.37E+05 / m, tol =  8.26E+03)
 error stress BC  =         4.69 (7.74E+04 Pa,  tol =  1.65E+04)

 ===========================================================================
 Increment 1/15-1/1 @ Iteration 1≤3≤100

 deformation gradient aim       =
   0.9999967    0.0003969    0.0000007
   0.0000000    1.0000007    0.0003716
   0.0000000    0.0000000    1.0000021

 ... evaluating constitutive response ......................................

 Piola--Kirchhoff stress       / MPa =
       -0.0025        16.4978         0.0009
       16.4979         0.0047        16.4906
       -0.0056        16.4907        -0.0021

 ... doing gamma convolution ...............................................

 ... evaluating constitutive response ......................................

 Piola--Kirchhoff stress       / MPa =
       -0.0023        16.5020        -0.0009
       16.5021         0.0052        16.4958
       -0.0073        16.4958        -0.0036

 ... doing gamma convolution ...............................................

 ... reporting .............................................................

 error divergence =        17.94 (1.48E+05 / m, tol =  8.25E+03)
 error stress BC  =         0.32 (5.20E+03 Pa,  tol =  1.65E+04)

 ===========================================================================
 Increment 1/15-1/1 @ Iteration 1≤4≤100

 deformation gradient aim       =
   0.9999968    0.0003969    0.0000007
   0.0000000    1.0000006    0.0003719
   0.0000000    0.0000000    1.0000022

 ... evaluating constitutive response ......................................

 Piola--Kirchhoff stress       / MPa =
       -0.0001        16.4994        -0.0004
       16.4995         0.0006        16.4995
       -0.0069        16.4995        -0.0003

 ... doing gamma convolution ...............................................

 ... evaluating constitutive response ......................................

 Piola--Kirchhoff stress       / MPa =
       -0.0006        16.4995         0.0009
       16.4996        -0.0000        16.4988
       -0.0055        16.4988         0.0007

 ... doing gamma convolution ...............................................

 ... reporting .............................................................

 error divergence =         2.36 (1.95E+04 / m, tol =  8.25E+03)
 error stress BC  =         0.06 (9.16E+02 Pa,  tol =  1.65E+04)

 ===========================================================================
 Increment 1/15-1/1 @ Iteration 1≤5≤100

 deformation gradient aim       =
   0.9999968    0.0003969    0.0000007
   0.0000000    1.0000006    0.0003719
   0.0000000    0.0000000    1.0000022

 ... evaluating constitutive response ......................................

 Piola--Kirchhoff stress       / MPa =
       -0.0001        16.4992         0.0000
       16.4992         0.0000        16.4992
       -0.0065        16.4992         0.0001

 ... doing gamma convolution ...............................................

 ... evaluating constitutive response ......................................

 Piola--Kirchhoff stress       / MPa =
       -0.0001        16.4991         0.0000
       16.4992        -0.0001        16.4992
       -0.0064        16.4992         0.0002

 ... doing gamma convolution ...............................................

 ... reporting .............................................................

 error divergence =         0.33 (2.71E+03 / m, tol =  8.25E+03)
 error stress BC  =         0.01 (1.54E+02 Pa,  tol =  1.65E+04)

 ===========================================================================

 increment 1 converged

 ... saving results ........................................................
 saving solver data required for restart
 saving field and constitutive data required for restart

 ###########################################################################
 Time  1.33333E+02s: Increment 2/15-1/1 of load case 1/1
 Increment 2/15-1/1 @ Iteration 1≤0≤100

 deformation gradient aim       =
   0.9999936    0.0007938    0.0000014
   0.0000000    1.0000012    0.0007438
   0.0000000    0.0000000    1.0000043

 ... evaluating constitutive response ......................................

 Piola--Kirchhoff stress       / MPa =
       -0.0365        33.4503         0.1559
       33.4507        -0.0881        33.3786
        0.1294        33.3786         0.1235

 ... doing gamma convolution ...............................................

 ... reporting .............................................................

 error divergence =        13.23 (2.21E+05 / m, tol =  1.67E+04)
 error stress BC  =        13.51 (4.52E+05 Pa,  tol =  3.35E+04)

 ===========================================================================
 Increment 2/15-1/1 @ Iteration 1≤1≤100

 deformation gradient aim       =
   0.9999941    0.0007832   -0.0000021
   0.0000000    1.0000021    0.0007355
   0.0000000    0.0000000    1.0000030

 ... evaluating constitutive response ......................................

 Piola--Kirchhoff stress       / MPa =
        0.0007        32.9904        -0.0045
       32.9908         0.0013        32.9931
       -0.0304        32.9931        -0.0047

 ... doing gamma convolution ...............................................

 ... evaluating constitutive response ......................................

 Piola--Kirchhoff stress       / MPa =
       -0.0010        33.0115         0.0028
       33.0118        -0.0028        33.0107
       -0.0231        33.0107         0.0012

 ... doing gamma convolution ...............................................

 ... reporting .............................................................

 error divergence =        12.68 (2.09E+05 / m, tol =  1.65E+04)
 error stress BC  =         0.40 (1.31E+04 Pa,  tol =  3.30E+04)

 ===========================================================================
 Increment 2/15-1/1 @ Iteration 1≤2≤100

 deformation gradient aim       =
   0.9999940    0.0007831   -0.0000020
   0.0000000    1.0000021    0.0007353
   0.0000000    0.0000000    1.0000030

 ... evaluating constitutive response ......................................

 Piola--Kirchhoff stress       / MPa =
       -0.0017        33.0058         0.0041
       33.0061        -0.0023        33.0031
       -0.0217        33.0031         0.0035

 ... doing gamma convolution ...............................................

 ... evaluating constitutive response ......................................

 Piola--Kirchhoff stress       / MPa =
       -0.0011        32.9989         0.0017
       32.9992        -0.0010        32.9974
       -0.0242        32.9974         0.0016

 ... doing gamma convolution ...............................................

 ... reporting .............................................................

 error divergence =         1.57 (2.60E+04 / m, tol =  1.65E+04)
 error stress BC  =         0.05 (1.68E+03 Pa,  tol =  3.30E+04)

 ===========================================================================
 Increment 2/15-1/1 @ Iteration 1≤3≤100

 deformation gradient aim       =
   0.9999941    0.0007829   -0.0000022
   0.0000000    1.0000021    0.0007352
   0.0000000    0.0000000    1.0000029

 ... evaluating constitutive response ......................................

 Piola--Kirchhoff stress       / MPa =
        0.0001        32.9985         0.0001
       32.9988        -0.0002        32.9986
       -0.0257        32.9986         0.0002

 ... doing gamma convolution ...............................................

 ... evaluating constitutive response ......................................

 Piola--Kirchhoff stress       / MPa =
        0.0000        32.9983         0.0001
       32.9986        -0.0002        32.9983
       -0.0257        32.9983         0.0002

 ... doing gamma convolution ...............................................

 ... reporting .............................................................

 error divergence =         0.24 (3.94E+03 / m, tol =  1.65E+04)
 error stress BC  =         0.01 (1.72E+02 Pa,  tol =  3.30E+04)

 ===========================================================================

 increment 2 converged

 ... saving results ........................................................
 saving solver data required for restart
 saving field and constitutive data required for restart

 ###########################################################################
 Time  2.00000E+02s: Increment 3/15-1/1 of load case 1/1
 Increment 3/15-1/1 @ Iteration 1≤0≤100

 deformation gradient aim       =
   0.9999913    0.0011689   -0.0000050
   0.0000000    1.0000037    0.0010985
   0.0000000    0.0000000    1.0000037

 ... evaluating constitutive response ......................................

 Piola--Kirchhoff stress       / MPa =
        0.0760        49.2443        -0.0676
       49.2450         0.1234        49.2848
       -0.1253        49.2848        -0.0157

 ... doing gamma convolution ...............................................

 ... reporting .............................................................

 error divergence =         5.01 (1.23E+05 / m, tol =  2.46E+04)
 error stress BC  =         5.14 (2.53E+05 Pa,  tol =  4.93E+04)

 ===========================================================================
 Increment 3/15-1/1 @ Iteration 1≤1≤100

 deformation gradient aim       =
   0.9999910    0.0011748   -0.0000035
   0.0000000    1.0000028    0.0011032
   0.0000000    0.0000000    1.0000044

 ... evaluating constitutive response ......................................

 Piola--Kirchhoff stress       / MPa =
       -0.0004        49.5019         0.0026
       49.5027        -0.0010        49.5004
       -0.0556        49.5005         0.0027

 ... doing gamma convolution ...............................................

 ... evaluating constitutive response ......................................

 Piola--Kirchhoff stress       / MPa =
        0.0031        49.4901        -0.0007
       49.4908         0.0047        49.4905
       -0.0588        49.4906         0.0019

 ... doing gamma convolution ...............................................

 ... reporting .............................................................

 error divergence =         4.67 (1.16E+05 / m, tol =  2.47E+04)
 error stress BC  =         0.15 (7.40E+03 Pa,  tol =  4.95E+04)

 ===========================================================================
 Increment 3/15-1/1 @ Iteration 1≤2≤100

 deformation gradient aim       =
   0.9999910    0.0011749   -0.0000036
   0.0000000    1.0000028    0.0011033
   0.0000000    0.0000000    1.0000043

 ... evaluating constitutive response ......................................

 Piola--Kirchhoff stress       / MPa =
        0.0009        49.4933        -0.0021
       49.4941         0.0015        49.4948
       -0.0602        49.4949        -0.0020

 ... doing gamma convolution ...............................................

 ... evaluating constitutive response ......................................

 Piola--Kirchhoff stress       / MPa =
       -0.0002        49.4971        -0.0010
       49.4979        -0.0003        49.4980
       -0.0592        49.4981        -0.0017

 ... doing gamma convolution ...............................................

 ... reporting .............................................................

 error divergence =         0.58 (1.44E+04 / m, tol =  2.47E+04)
 error stress BC  =         0.03 (1.70E+03 Pa,  tol =  4.95E+04)

 ===========================================================================

 increment 3 converged

 ... saving results ........................................................
 saving solver data required for restart
 saving field and constitutive data required for restart

 ###########################################################################
 Time  2.66667E+02s: Increment 4/15-1/1 of load case 1/1
 Increment 4/15-1/1 @ Iteration 1≤0≤100

 deformation gradient aim       =
   0.9999878    0.0015671   -0.0000049
   0.0000000    1.0000035    0.0014714
   0.0000000    0.0000000    1.0000058

 ... evaluating constitutive response ......................................

 Piola--Kirchhoff stress       / MPa =
        0.0284        66.0252         0.0206
       66.0265         0.0358        66.0207
       -0.0829        66.0208         0.0372

 ... doing gamma convolution ...............................................

 ... reporting .............................................................

 error divergence =         1.16 (3.83E+04 / m, tol =  3.30E+04)
 error stress BC  =         0.56 (3.72E+04 Pa,  tol =  6.60E+04)

 ===========================================================================
 Increment 4/15-1/1 @ Iteration 1≤1≤100

 deformation gradient aim       =
   0.9999878    0.0015665   -0.0000053
   0.0000000    1.0000034    0.0014709
   0.0000000    0.0000000    1.0000057

 ... evaluating constitutive response ......................................

 Piola--Kirchhoff stress       / MPa =
        0.0000        65.9959        -0.0004
       65.9973         0.0002        65.9960
       -0.1038        65.9962        -0.0005

 ... doing gamma convolution ...............................................

 ... evaluating constitutive response ......................................

 Piola--Kirchhoff stress       / MPa =
        0.0012        65.9971         0.0004
       65.9985         0.0017        65.9971
       -0.1029        65.9972         0.0011

 ... doing gamma convolution ...............................................

 ... reporting .............................................................

 error divergence =         0.41 (1.36E+04 / m, tol =  3.30E+04)
 error stress BC  =         0.03 (1.71E+03 Pa,  tol =  6.60E+04)

 ===========================================================================

 increment 4 converged

 ... saving results ........................................................
 saving solver data required for restart
 saving field and constitutive data required for restart

 ###########################################################################
 Time  3.33333E+02s: Increment 5/15-1/1 of load case 1/1
 Increment 5/15-1/1 @ Iteration 1≤0≤100

 deformation gradient aim       =
   0.9999846    0.0019579   -0.0000071
   0.0000000    1.0000039    0.0018385
   0.0000000    0.0000000    1.0000070

 ... evaluating constitutive response ......................................

 Piola--Kirchhoff stress       / MPa =
        0.0368        82.4828         0.0094
       82.4849         0.0507        82.4817
       -0.1520        82.4819         0.0306

 ... doing gamma convolution ...............................................

 ... reporting .............................................................

 error divergence =         2.05 (8.46E+04 / m, tol =  4.12E+04)
 error stress BC  =         0.62 (5.07E+04 Pa,  tol =  8.25E+04)

 ===========================================================================
 Increment 5/15-1/1 @ Iteration 1≤1≤100

 deformation gradient aim       =
   0.9999846    0.0019582   -0.0000073
   0.0000000    1.0000036    0.0018388
   0.0000000    0.0000000    1.0000069

 ... evaluating constitutive response ......................................

 Piola--Kirchhoff stress       / MPa =
       -0.0000        82.4962         0.0004
       82.4984         0.0000        82.4957
       -0.1611        82.4960         0.0001

 ... doing gamma convolution ...............................................

 ... evaluating constitutive response ......................................

 Piola--Kirchhoff stress       / MPa =
       -0.0007        82.4964         0.0003
       82.4986        -0.0009        82.4960
       -0.1613        82.4962        -0.0004

 ... doing gamma convolution ...............................................

 ... reporting .............................................................

 error divergence =         0.33 (1.37E+04 / m, tol =  4.12E+04)
 error stress BC  =         0.01 (8.62E+02 Pa,  tol =  8.25E+04)

 ===========================================================================

 increment 5 converged

 ... saving results ........................................................
 saving solver data required for restart
 saving field and constitutive data required for restart

 ###########################################################################
 Time  4.00000E+02s: Increment 6/15-1/1 of load case 1/1
 Increment 6/15-1/1 @ Iteration 1≤0≤100

 deformation gradient aim       =
   0.9999813    0.0023499   -0.0000094
   0.0000000    1.0000039    0.0022067
   0.0000000    0.0000000    1.0000082

 ... evaluating constitutive response ......................................

 Piola--Kirchhoff stress       / MPa =
        0.0579        98.8601        -0.0163
       98.8630         0.0941        98.8221
       -0.2485        98.8226        -0.0344

 ... doing gamma convolution ...............................................

 ... reporting .............................................................

 error divergence =        29.21 (1.44E+06 / m, tol =  4.94E+04)
 error stress BC  =         1.75 (1.73E+05 Pa,  tol =  9.89E+04)

 ===========================================================================
 Increment 6/15-1/1 @ Iteration 1≤1≤100

 deformation gradient aim       =
   0.9999810    0.0023531   -0.0000091
   0.0000000    1.0000032    0.0022105
   0.0000000    0.0000000    1.0000089

 ... evaluating constitutive response ......................................

 Piola--Kirchhoff stress       / MPa =
        0.0071        98.9657        -0.0127
       98.9687         0.0132        98.9558
       -0.2455        98.9564        -0.0189

 ... doing gamma convolution ...............................................

 ... evaluating constitutive response ......................................

 Piola--Kirchhoff stress       / MPa =
       -0.0085        98.9983        -0.0116
       99.0014        -0.0117        98.9968
       -0.2447        98.9974        -0.0143

 ... doing gamma convolution ...............................................

 ... reporting .............................................................

 error divergence =         4.33 (2.14E+05 / m, tol =  4.95E+04)
 error stress BC  =         0.14 (1.43E+04 Pa,  tol =  9.90E+04)

 ===========================================================================
 Increment 6/15-1/1 @ Iteration 1≤2≤100

 deformation gradient aim       =
   0.9999809    0.0023537   -0.0000085
   0.0000000    1.0000031    0.0022114
   0.0000000    0.0000000    1.0000092

 ... evaluating constitutive response ......................................

 Piola--Kirchhoff stress       / MPa =
       -0.0022        98.9938         0.0003
       98.9968         0.0022        98.9929
       -0.2328        98.9935        -0.0002

 ... doing gamma convolution ...............................................

 ... evaluating constitutive response ......................................

 Piola--Kirchhoff stress       / MPa =
       -0.0037        98.9972         0.0004
       99.0002        -0.0003        98.9972
       -0.2326        98.9978         0.0004

 ... doing gamma convolution ...............................................

 ... reporting .............................................................

 error divergence =         0.74 (3.67E+04 / m, tol =  4.95E+04)
 error stress BC  =         0.04 (3.72E+03 Pa,  tol =  9.90E+04)

 ===========================================================================

 increment 6 converged

 ... saving results ........................................................
 saving solver data required for restart
 saving field and constitutive data required for restart

 ###########################################################################
 Time  4.66667E+02s: Increment 7/15-1/1 of load case 1/1
 Increment 7/15-1/1 @ Iteration 1≤0≤100

 deformation gradient aim       =
   0.9999773    0.0027491   -0.0000098
   0.0000000    1.0000024    0.0025839
   0.0000000    0.0000000    1.0000114

 ... evaluating constitutive response ......................................

 Piola--Kirchhoff stress       / MPa =
        0.1829       114.6252        -0.1348
      114.6280         0.3009       114.6077
       -0.4499       114.6096        -0.3475

 ... doing gamma convolution ...............................................

 ... reporting .............................................................

 error divergence =        90.18 (5.17E+06 / m, tol =  5.73E+04)
 error stress BC  =         7.73 (8.86E+05 Pa,  tol =  1.15E+05)

 ===========================================================================
 Increment 7/15-1/1 @ Iteration 1≤1≤100

 deformation gradient aim       =
   0.9999755    0.0027699   -0.0000069
   0.0000000    0.9999994    0.0026039
   0.0000000    0.0000000    1.0000157

 ... evaluating constitutive response ......................................

 Piola--Kirchhoff stress       / MPa =
        0.0466       115.2311        -0.0729
      115.2342         0.1005       115.2225
       -0.3920       115.2247        -0.1481

 ... doing gamma convolution ...............................................

 ... evaluating constitutive response ......................................

 Piola--Kirchhoff stress       / MPa =
       -0.0285       115.5591        -0.0394
      115.5623        -0.0080       115.5556
       -0.3608       115.5581        -0.0407

 ... doing gamma convolution ...............................................

 ... reporting .............................................................

 error divergence =        22.05 (1.27E+06 / m, tol =  5.78E+04)
 error stress BC  =         0.56 (6.50E+04 Pa,  tol =  1.16E+05)

 ===========================================================================
 Increment 7/15-1/1 @ Iteration 1≤2≤100

 deformation gradient aim       =
   0.9999751    0.0027746   -0.0000044
   0.0000000    0.9999982    0.0026087
   0.0000000    0.0000000    1.0000176

 ... evaluating constitutive response ......................................

 Piola--Kirchhoff stress       / MPa =
       -0.0126       115.4615        -0.0052
      115.4645         0.0208       115.4661
       -0.3262       115.4685        -0.0098

 ... doing gamma convolution ...............................................

 ... evaluating constitutive response ......................................

 Piola--Kirchhoff stress       / MPa =
       -0.0219       115.4980         0.0038
      115.5011         0.0084       115.5044
       -0.3175       115.5069         0.0098

 ... doing gamma convolution ...............................................

 ... reporting .............................................................

 error divergence =         5.53 (3.19E+05 / m, tol =  5.78E+04)
 error stress BC  =         0.19 (2.19E+04 Pa,  tol =  1.16E+05)

 ===========================================================================
 Increment 7/15-1/1 @ Iteration 1≤3≤100

 deformation gradient aim       =
   0.9999755    0.0027753   -0.0000044
   0.0000000    0.9999978    0.0026091
   0.0000000    0.0000000    1.0000175

 ... evaluating constitutive response ......................................

 Piola--Kirchhoff stress       / MPa =
       -0.0019       115.4967         0.0017
      115.4998         0.0001       115.4962
       -0.3196       115.4987         0.0017

 ... doing gamma convolution ...............................................

 ... evaluating constitutive response ......................................

 Piola--Kirchhoff stress       / MPa =
        0.0031       115.4929         0.0032
      115.4959        -0.0007       115.4912
       -0.3180       115.4936         0.0022

 ... doing gamma convolution ...............................................

 ... reporting .............................................................

 error divergence =         1.23 (7.08E+04 / m, tol =  5.77E+04)
 error stress BC  =         0.03 (3.18E+03 Pa,  tol =  1.15E+05)

 ===========================================================================
 Increment 7/15-1/1 @ Iteration 1≤4≤100

 deformation gradient aim       =
   0.9999755    0.0027753   -0.0000045
   0.0000000    0.9999979    0.0026091
   0.0000000    0.0000000    1.0000175

 ... evaluating constitutive response ......................................

 Piola--Kirchhoff stress       / MPa =
       -0.0006       115.4935         0.0001
      115.4966        -0.0002       115.4946
       -0.3211       115.4970         0.0007

 ... doing gamma convolution ...............................................

 ... evaluating constitutive response ......................................

 Piola--Kirchhoff stress       / MPa =
        0.0002       115.4935        -0.0005
      115.4965        -0.0007       115.4947
       -0.3217       115.4972         0.0000

 ... doing gamma convolution ...............................................

 ... reporting .............................................................

 error divergence =         0.34 (1.99E+04 / m, tol =  5.77E+04)
 error stress BC  =         0.01 (7.35E+02 Pa,  tol =  1.15E+05)

 ===========================================================================

 increment 7 converged

 ... saving results ........................................................
 saving solver data required for restart
 saving field and constitutive data required for restart

 ###########################################################################
 Time  5.33333E+02s: Increment 8/15-1/1 of load case 1/1
 Increment 8/15-1/1 @ Iteration 1≤0≤100

 deformation gradient aim       =
   0.9999700    0.0031970   -0.0000004
   0.0000000    0.9999927    0.0030068
   0.0000000    0.0000000    1.0000259

 ... evaluating constitutive response ......................................

 Piola--Kirchhoff stress       / MPa =
        0.2764       129.7817        -0.2946
      129.7822         0.4844       130.2074
       -0.7109       130.2136        -0.6483

 ... doing gamma convolution ...............................................

 ... reporting .............................................................

 error divergence =       107.26 (6.98E+06 / m, tol =  6.51E+04)
 error stress BC  =        16.98 (2.21E+06 Pa,  tol =  1.30E+05)

 ===========================================================================
 Increment 8/15-1/1 @ Iteration 1≤1≤100

 deformation gradient aim       =
   0.9999665    0.0032538    0.0000065
   0.0000000    0.9999871    0.0030504
   0.0000000    0.0000000    1.0000343

 ... evaluating constitutive response ......................................

 Piola--Kirchhoff stress       / MPa =
        0.0169       131.4042        -0.0996
      131.4053         0.1589       131.5646
       -0.5278       131.5714        -0.1831

 ... doing gamma convolution ...............................................

 ... evaluating constitutive response ......................................

 Piola--Kirchhoff stress       / MPa =
       -0.1024       132.1336        -0.0118
      132.1348         0.0117       132.1797
       -0.4453       132.1867         0.0278

 ... doing gamma convolution ...............................................

 ... reporting .............................................................

 error divergence =        54.72 (3.62E+06 / m, tol =  6.61E+04)
 error stress BC  =         1.41 (1.86E+05 Pa,  tol =  1.32E+05)

 ===========================================================================
 Increment 8/15-1/1 @ Iteration 1≤2≤100

 deformation gradient aim       =
   0.9999672    0.0032652    0.0000091
   0.0000000    0.9999849    0.0030564
   0.0000000    0.0000000    1.0000360

