
 <<<+-  parallelization init  -+>>>

 Open MPI v4.1.6, package: Debian OpenMPI, ident: 4.1.6, repo rev: v4.1.6, Sep 30, 2023
 MPI standard: 3.1
 OpenMP version: 201511

 MPI processes: 1
 Could not get $OMP_NUM_THREADS, using default
 OMP_NUM_THREADS: 4

 <<<+-  CLI init  -+>>>

     _/_/_/      _/_/    _/      _/    _/_/      _/_/_/  _/    _/    _/_/_/
    _/    _/  _/    _/  _/_/  _/_/  _/    _/  _/        _/  _/            _/
   _/    _/  _/_/_/_/  _/  _/  _/  _/_/_/_/    _/_/    _/_/          _/_/
  _/    _/  _/    _/  _/      _/  _/    _/        _/  _/  _/            _/
 _/_/_/    _/    _/  _/      _/  _/    _/  _/_/_/    _/    _/    _/_/_/
 Grid solver

 F. Roters et al., Computational Materials Science 158:420–478, 2019
 https://doi.org/10.1016/j.commatsci.2018.04.030

 S. Balay et al., PETSc/TAO User Manual Revision 3.19
 https://doi.org/10.2172/1968587

 Version: v3.0.1

 Compiled with: GCC version 13.3.0
 Compiled on: Linux-6.8.0-51-generic
 Compiler options: -cpp -I /usr/lib/petscdir/petsc3.19/x86_64-linux-gnu-real/include -I /usr/include/hypre -I /usr/include/suitesparse -I /usr/include/superlu -I /usr/include/superlu-dist -I /usr/include/trilinos -I /usr/include/scotch -I /usr/include/hdf5/openmpi -I /usr/include/hdf5/serial -I /usr/include -I /usr/lib/x86_64-linux-gnu/openmpi/lib/../../fortran/gfortran-mod-15/openmpi -I /usr/lib/x86_64-linux-gnu/openmpi/lib -imultiarch x86_64-linux-gnu -D_REENTRANT -D CMAKE_SYSTEM="Linux-6.8.0-51-generic" -D DAMASKVERSION="v3.0.1" -D FYAML -D GRID -D PETSC --param=l1-cache-size=32 --param=l1-cache-line-size=64 --param=l2-cache-size=512 -mtune=znver2 -mno-omit-leaf-frame-pointer -march=x86-64 -g -O2 -O2 -Wall -Wextra -Wcharacter-truncation -Wunderflow -Wsuggest-attribute=pure -Wsuggest-attribute=noreturn -Wconversion-extra -Wunused-parameter -std=f2018 -fno-omit-frame-pointer -ffile-prefix-map=/build/damask-XEckOy/damask-3.0.1=. -flto=auto -ffat-lto-objects -fstack-protector-strong -fstack-clash-protection -fcf-protection=full -fdebug-prefix-map=/build/damask-XEckOy/damask-3.0.1=/usr/src/damask-3.0.1-6~noble -fopenmp -fPIE -ffree-line-length-none -fimplicit-none -fallow-argument-mismatch -ffpe-summary=all -fpre-include=/usr/include/finclude/x86_64-linux-gnu/math-vector-fortran.h

 Compiled on: Jan 14 2025 at 07:40:31

 PETSc version: 3.19.6

 Date: 14/11/2025
 Time: 23:08:32

 Host name: UT170340
 User name: vincent

 Command line call:      DAMASK_grid --geom /home/vincent/local_Homogenization_for_Damask/projects/template_yield_surface_postprocessing_only/input_files/Polycrystal_25_5x5x5.vti --load /home/vincent/local_Homogenization_for_Damask/projects/template_yield_surface_postprocessing_only/damask_files/yield_surface/shear_xy_xz_q0_0/LOADCASE.yaml --material /home/vincent/local_Homogenization_for_Damask/projects/template_yield_surface_postprocessing_only/input_files/titanium_assigned.yaml --numerics /home/vincent/local_Homogenization_for_Damask/projects/template_yield_surface_postprocessing_only/damask_files/yield_surface/shear_xy_xz_q0_0/NUMERICS.yaml --jobname template_yield_surface_postprocessing_only --workingdirectory /home/vincent/local_Homogenization_for_Damask/projects/template_yield_surface_postprocessing_only/damask_files/yield_surface/shear_xy_xz_q0_0

 Working directory:      /home/vincent/local_Homogenization_for_Damask/projects/template_yield_surface_postprocessing_only/damask_files/yield_surface/shear_xy_xz_q0_0
 Geometry:               ../../../input_files/Polycrystal_25_5x5x5.vti <-- /home/vincent/local_Homogenization_for_Damask/projects/template_yield_surface_postprocessing_only/input_files/Polycrystal_25_5x5x5.vti
 Load case:              LOADCASE.yaml <-- /home/vincent/local_Homogenization_for_Damask/projects/template_yield_surface_postprocessing_only/damask_files/yield_surface/shear_xy_xz_q0_0/LOADCASE.yaml
 Material config:        ../../../input_files/titanium_assigned.yaml <-- /home/vincent/local_Homogenization_for_Damask/projects/template_yield_surface_postprocessing_only/input_files/titanium_assigned.yaml
 Numerics config:        NUMERICS.yaml <-- /home/vincent/local_Homogenization_for_Damask/projects/template_yield_surface_postprocessing_only/damask_files/yield_surface/shear_xy_xz_q0_0/NUMERICS.yaml
 Solver job name:        template_yield_surface_postprocessing_only

 <<<+-  system_routines init  -+>>>

 <<<+-  prec init  -+>>>

 integer size / bit:   32
   maximum value:              2147483647

 real size / bit:      64
   maximum value:      0.180+309
   minimum value:      0.223-307
   epsilon value:      0.222E-15
   decimal precision:  15

 <<<+-  misc init  -+>>>

 <<<+-  IO init  -+>>>

 <<<+-  base64 init  -+>>>

 <<<+-  types init  -+>>>

 <<<+-  YAML init  -+>>>

 libfyaml powered

 <<<+-  HDF5_utilities init  -+>>>

 <<<+-  result init  -+>>>

 M. Diehl et al., Integrating Materials and Manufacturing Innovation 6(1):83–91, 2017
 https://doi.org/10.1007/s40192-017-0084-5

 <<<+-  config init  -+>>>

 reading material configuration

 reading numerics configuration

 <<<+-  math init  -+>>>

 size  of random seed:      8
 value of random seed:      -1500195272   679858610  -120060474  -396758444 -1902391999   586469705   -31115546  1604753265
 start of random sequence: 
                           0.11978666760276
                           0.11167654336111
                           0.52084653393570
                           0.15525376114986

 <<<+-  rotations init  -+>>>

 D. Rowenhorst et al., Modelling and Simulation in Materials Science and Engineering 23:083501, 2015
 https://doi.org/10.1088/0965-0393/23/8/083501

 <<<+-  polynomials init  -+>>>

 <<<+-  tables init  -+>>>

 <<<+-  crystal init  -+>>>

 <<<+-  discretization_grid init  -+>>>

 cells:  5 × 5 × 5
 size:   1.00E-05 × 1.00E-05 × 1.00E-05 m³
 origin:  0.00E+00  0.00E+00  0.00E+00 m

 <<<+-  discretization init  -+>>>

 <<<+-  material init  -+>>>

 parsed material.yaml

 <<<+-  phase init  -+>>>

 phase 1: A

 references:
   - https://www.totalmateria.com/page.aspx?ID=CheckArticle&site=ktn&NM=221
   - https://en.wikipedia.org/wiki/Titanium

 <<<+-  phase:mechanical init  -+>>>

 <<<+-  phase:mechanical:elastic init  -+>>>

 <<<+-  phase:mechanical:elastic:Hooke init  -+>>>

 # phases: 1

 phase 1: A

 references:
   - E.S. Fisher and C.J. Renken, Physical Review 135(2A):A482-A494, 1964,
     https://doi.org/10.1103/PhysRev.135.A482, fit to Tab. IV (T_min=77K, 
     T_max=923K) 

 <<<+-  phase:mechanical:plasticity init  -+>>>

 <<<+-  phase:mechanical:plastic:phenopowerlaw init  -+>>>

 # phases: 1

 phase 1: A

 references:
   - C. Zambaldi et al., Journal of Materials Research 27(1):356-367, 2021,
     https://doi.org/10.1557/jmr.2011.334 
   - L. Wang et al., Acta Materialia 132:598-610, 2017,
     https://doi.org/10.1016/j.actamat.2017.05.015 

 <<<+-  phase:mechanical:eigen init  -+>>>

 <<<+-  phase:damage init  -+>>>

 <<<+-  phase:thermal init  -+>>>

 <<<+-  homogenization init  -+>>>

 <<<+-  homogenization:mechanical init  -+>>>

 <<<+-  homogenization:mechanical:pass init  -+>>>

 # homogenizations: 1

 <<<+-  homogenization:thermal init  -+>>>

 <<<+-  homogenization:damage init  -+>>>

 <<<+-  homogenization:damage:pass init  -+>>>

 <<<+-  materialpoint init  -+>>>

 deallocating material configuration

 <<<+-  DAMASK_grid init  -+>>>

 P. Shanthraj et al., Handbook of Mechanics of Materials, 2019
 https://doi.org/10.1007/978-981-10-6855-3_80

 <<<+-  spectral_utilities init  -+>>>

 M. Diehl, Diploma Thesis TU München, 2010
 https://doi.org/10.13140/2.1.3234.3840

 P. Eisenlohr et al., International Journal of Plasticity 46:37–53, 2013
 https://doi.org/10.1016/j.ijplas.2012.09.012

 P. Shanthraj et al., International Journal of Plasticity 66:31–45, 2015
 https://doi.org/10.1016/j.ijplas.2014.02.006

 P. Shanthraj et al., Handbook of Mechanics of Materials, 2019
 https://doi.org/10.1007/978-981-10-6855-3_80

 M. Frigo and S.G. Johnson, Proceedings of the IEEE 93(2):216–231, 2005
 https://doi.org/10.1109/jproc.2004.840301

 FFTW initialized

 <<<+-  grid_mechanical_spectral_basic init  -+>>>

 P. Eisenlohr et al., International Journal of Plasticity 46:37–53, 2013
 https://doi.org/10.1016/j.ijplas.2012.09.012

 P. Shanthraj et al., International Journal of Plasticity 66:31–45, 2015
 https://doi.org/10.1016/j.ijplas.2014.02.006

 ... evaluating constitutive response ......................................

 Piola--Kirchhoff stress       / MPa =
        0.0000         0.0000         0.0000
        0.0000         0.0000        -0.0000
        0.0000        -0.0000         0.0000

 deallocating numerics configuration

 ... saving initial configuration ..........................................

 load case: 1
  estimate_rate: F
  F:
       x             x             x      
     0.0000000       x             x      
     0.0000000     0.0000000       x      
  P / MPa:
        0.0000      350.0000        0.0000
       x              0.0000        0.0000
       x             x              0.0000
  r: 1 (constant step width)
  t: 1000.000
  N: 15
  f_out: 1
  f_restart: 1

 ###########################################################################
 Time  6.66667E+01s: Increment 1/15-1/1 of load case 1/1
 Increment 1/15-1/1 @ Iteration 1≤0≤100

 deformation gradient aim       =
   1.0000000    0.0000000    0.0000000
   0.0000000    1.0000000    0.0000000
   0.0000000    0.0000000    1.0000000

 ... evaluating constitutive response ......................................

 Piola--Kirchhoff stress       / MPa =
       -0.0000         0.0000         0.0000
        0.0000        -0.0000        -0.0000
        0.0000        -0.0000        -0.0000

 ... doing gamma convolution ...............................................

 ... reporting .............................................................

 error divergence =         1.24 (1.24E-04 / m, tol =  1.00E-04)
 error stress BC  =     23333.33 (2.33E+07 Pa,  tol =  1.00E+03)

 ===========================================================================
 Increment 1/15-1/1 @ Iteration 1≤1≤100

 deformation gradient aim       =
   0.9999991    0.0005459    0.0000012
   0.0000000    1.0000018   -0.0000005
   0.0000000    0.0000000    0.9999992

 ... evaluating constitutive response ......................................

 Piola--Kirchhoff stress       / MPa =
        0.0247        23.3333        -0.0000
       23.3333         0.0246         0.0000
       -0.0000         0.0000         0.0114

 ... doing gamma convolution ...............................................

 ... evaluating constitutive response ......................................

 Piola--Kirchhoff stress       / MPa =
        0.0239        22.9833        -0.0000
       22.9834         0.0239         0.0000
       -0.0000         0.0000         0.0110

 ... doing gamma convolution ...............................................

 ... reporting .............................................................

 error divergence =       721.23 (8.29E+06 / m, tol =  1.15E+04)
 error stress BC  =        15.23 (3.50E+05 Pa,  tol =  2.30E+04)

 ===========================================================================
 Increment 1/15-1/1 @ Iteration 1≤2≤100

 deformation gradient aim       =
   0.9999989    0.0005541    0.0000012
   0.0000000    1.0000016   -0.0000006
   0.0000000    0.0000000    0.9999993

 ... evaluating constitutive response ......................................

 Piola--Kirchhoff stress       / MPa =
        0.0184        22.9381        -0.0738
       22.9382         0.0544         0.0360
       -0.0738         0.0360        -0.0536

 ... doing gamma convolution ...............................................

 ... evaluating constitutive response ......................................

 Piola--Kirchhoff stress       / MPa =
        0.0194        23.3283        -0.0717
       23.3283         0.0544         0.0350
       -0.0717         0.0350        -0.0514

 ... doing gamma convolution ...............................................

 ... reporting .............................................................

 error divergence =        86.29 (1.01E+06 / m, tol =  1.17E+04)
 error stress BC  =         3.07 (7.17E+04 Pa,  tol =  2.33E+04)

 ===========================================================================
 Increment 1/15-1/1 @ Iteration 1≤3≤100

 deformation gradient aim       =
   0.9999986    0.0005634    0.0000045
   0.0000000    1.0000005   -0.0000021
   0.0000000    0.0000000    1.0000005

 ... evaluating constitutive response ......................................

 Piola--Kirchhoff stress       / MPa =
       -0.0015        23.3256        -0.0064
       23.3257         0.0029        -0.0001
       -0.0064        -0.0001        -0.0041

 ... doing gamma convolution ...............................................

 ... evaluating constitutive response ......................................

 Piola--Kirchhoff stress       / MPa =
       -0.0018        23.3333        -0.0068
       23.3333         0.0028        -0.0000
       -0.0068        -0.0000        -0.0045

 ... doing gamma convolution ...............................................

 ... reporting .............................................................

 error divergence =        13.65 (1.59E+05 / m, tol =  1.17E+04)
 error stress BC  =         0.29 (6.75E+03 Pa,  tol =  2.33E+04)

 ===========================================================================
 Increment 1/15-1/1 @ Iteration 1≤4≤100

 deformation gradient aim       =
   0.9999986    0.0005636    0.0000048
   0.0000000    1.0000004   -0.0000021
   0.0000000    0.0000000    1.0000006

 ... evaluating constitutive response ......................................

 Piola--Kirchhoff stress       / MPa =
        0.0007        23.3336        -0.0006
       23.3337         0.0006         0.0006
       -0.0006         0.0006        -0.0009

 ... doing gamma convolution ...............................................

 ... evaluating constitutive response ......................................

 Piola--Kirchhoff stress       / MPa =
        0.0004        23.3333         0.0006
       23.3334        -0.0004        -0.0001
        0.0006        -0.0001        -0.0000

 ... doing gamma convolution ...............................................

 ... reporting .............................................................

 error divergence =         1.84 (2.14E+04 / m, tol =  1.17E+04)
 error stress BC  =         0.03 (6.31E+02 Pa,  tol =  2.33E+04)

 ===========================================================================
 Increment 1/15-1/1 @ Iteration 1≤5≤100

 deformation gradient aim       =
   0.9999986    0.0005636    0.0000048
   0.0000000    1.0000004   -0.0000022
   0.0000000    0.0000000    1.0000006

 ... evaluating constitutive response ......................................

 Piola--Kirchhoff stress       / MPa =
       -0.0001        23.3333        -0.0001
       23.3334         0.0001        -0.0000
       -0.0001        -0.0000         0.0000

 ... doing gamma convolution ...............................................

 ... evaluating constitutive response ......................................

 Piola--Kirchhoff stress       / MPa =
       -0.0001        23.3333         0.0001
       23.3334        -0.0000        -0.0000
        0.0001        -0.0000         0.0001

 ... doing gamma convolution ...............................................

 ... reporting .............................................................

 error divergence =         0.26 (3.09E+03 / m, tol =  1.17E+04)
 error stress BC  =         0.01 (1.25E+02 Pa,  tol =  2.33E+04)

 ===========================================================================

 increment 1 converged

 ... saving results ........................................................
 saving solver data required for restart
 saving field and constitutive data required for restart

 ###########################################################################
 Time  1.33333E+02s: Increment 2/15-1/1 of load case 1/1
 Increment 2/15-1/1 @ Iteration 1≤0≤100

 deformation gradient aim       =
   0.9999972    0.0011272    0.0000096
   0.0000000    1.0000008   -0.0000043
   0.0000000    0.0000000    1.0000012

 ... evaluating constitutive response ......................................

 Piola--Kirchhoff stress       / MPa =
       -0.0296        47.3861         0.1569
       47.3864        -0.1078        -0.0704
        0.1570        -0.0704         0.1161

 ... doing gamma convolution ...............................................

 ... reporting .............................................................

 error divergence =        11.69 (2.77E+05 / m, tol =  2.37E+04)
 error stress BC  =        15.18 (7.19E+05 Pa,  tol =  4.74E+04)

 ===========================================================================
 Increment 2/15-1/1 @ Iteration 1≤1≤100

 deformation gradient aim       =
   0.9999974    0.0011104    0.0000061
   0.0000000    1.0000019   -0.0000027
   0.0000000    0.0000000    0.9999999

 ... evaluating constitutive response ......................................

 Piola--Kirchhoff stress       / MPa =
       -0.0000        46.6536        -0.0044
       46.6538         0.0016         0.0017
       -0.0044         0.0017        -0.0046

 ... doing gamma convolution ...............................................

 ... evaluating constitutive response ......................................

 Piola--Kirchhoff stress       / MPa =
       -0.0015        46.6906         0.0037
       46.6908        -0.0039        -0.0019
        0.0037        -0.0019         0.0015

 ... doing gamma convolution ...............................................

 ... reporting .............................................................

 error divergence =        11.15 (2.60E+05 / m, tol =  2.33E+04)
 error stress BC  =         0.51 (2.39E+04 Pa,  tol =  4.67E+04)

 ===========================================================================
 Increment 2/15-1/1 @ Iteration 1≤2≤100

 deformation gradient aim       =
   0.9999974    0.0011101    0.0000061
   0.0000000    1.0000019   -0.0000027
   0.0000000    0.0000000    0.9999999

 ... evaluating constitutive response ......................................

 Piola--Kirchhoff stress       / MPa =
       -0.0014        46.6790         0.0040
       46.6792        -0.0031        -0.0017
        0.0040        -0.0017         0.0035

 ... doing gamma convolution ...............................................

 ... evaluating constitutive response ......................................

 Piola--Kirchhoff stress       / MPa =
       -0.0009        46.6668         0.0013
       46.6670        -0.0012        -0.0004
        0.0013        -0.0004         0.0014

 ... doing gamma convolution ...............................................

 ... reporting .............................................................

 error divergence =         1.40 (3.27E+04 / m, tol =  2.33E+04)
 error stress BC  =         0.03 (1.39E+03 Pa,  tol =  4.67E+04)

 ===========================================================================
 Increment 2/15-1/1 @ Iteration 1≤3≤100

 deformation gradient aim       =
   0.9999975    0.0011098    0.0000060
   0.0000000    1.0000020   -0.0000027
   0.0000000    0.0000000    0.9999998

 ... evaluating constitutive response ......................................

 Piola--Kirchhoff stress       / MPa =
        0.0001        46.6670         0.0003
       46.6672        -0.0002        -0.0001
        0.0003        -0.0001         0.0002

 ... doing gamma convolution ...............................................

 ... evaluating constitutive response ......................................

 Piola--Kirchhoff stress       / MPa =
        0.0001        46.6666         0.0003
       46.6668        -0.0001        -0.0000
        0.0003        -0.0000         0.0002

 ... doing gamma convolution ...............................................

 ... reporting .............................................................

 error divergence =         0.21 (4.95E+03 / m, tol =  2.33E+04)
 error stress BC  =         0.01 (2.70E+02 Pa,  tol =  4.67E+04)

 ===========================================================================

 increment 2 converged

 ... saving results ........................................................
 saving solver data required for restart
 saving field and constitutive data required for restart

 ###########################################################################
 Time  2.00000E+02s: Increment 3/15-1/1 of load case 1/1
 Increment 3/15-1/1 @ Iteration 1≤0≤100

 deformation gradient aim       =
   0.9999963    0.0016560    0.0000071
   0.0000000    1.0000035   -0.0000032
   0.0000000    0.0000000    0.9999991

 ... evaluating constitutive response ......................................

 Piola--Kirchhoff stress       / MPa =
        0.0954        69.5931        -0.0888
       69.5934         0.1404         0.0400
       -0.0889         0.0400        -0.0283

 ... doing gamma convolution ...............................................

 ... reporting .............................................................

 error divergence =         4.53 (1.58E+05 / m, tol =  3.48E+04)
 error stress BC  =         5.85 (4.07E+05 Pa,  tol =  6.96E+04)

 ===========================================================================
 Increment 3/15-1/1 @ Iteration 1≤1≤100

 deformation gradient aim       =
   0.9999958    0.0016655    0.0000091
   0.0000000    1.0000026   -0.0000041
   0.0000000    0.0000000    0.9999999

 ... evaluating constitutive response ......................................

 Piola--Kirchhoff stress       / MPa =
       -0.0002        70.0075         0.0026
       70.0080        -0.0013        -0.0010
        0.0026        -0.0010         0.0031

 ... doing gamma convolution ...............................................

 ... evaluating constitutive response ......................................

 Piola--Kirchhoff stress       / MPa =
        0.0047        69.9860        -0.0021
       69.9865         0.0060         0.0011
       -0.0021         0.0011         0.0014

 ... doing gamma convolution ...............................................

 ... reporting .............................................................

 error divergence =         4.25 (1.49E+05 / m, tol =  3.50E+04)
 error stress BC  =         0.20 (1.40E+04 Pa,  tol =  7.00E+04)

 ===========================================================================
 Increment 3/15-1/1 @ Iteration 1≤2≤100

 deformation gradient aim       =
   0.9999958    0.0016657    0.0000091
   0.0000000    1.0000025   -0.0000041
   0.0000000    0.0000000    0.9999999

 ... evaluating constitutive response ......................................

 Piola--Kirchhoff stress       / MPa =
        0.0011        69.9930        -0.0023
       69.9934         0.0019         0.0009
       -0.0023         0.0009        -0.0024

 ... doing gamma convolution ...............................................

 ... evaluating constitutive response ......................................

 Piola--Kirchhoff stress       / MPa =
       -0.0004        69.9999        -0.0008
       70.0004        -0.0004         0.0002
       -0.0008         0.0002        -0.0018

 ... doing gamma convolution ...............................................

 ... reporting .............................................................

 error divergence =         0.54 (1.88E+04 / m, tol =  3.50E+04)
 error stress BC  =         0.03 (1.79E+03 Pa,  tol =  7.00E+04)

 ===========================================================================

 increment 3 converged

 ... saving results ........................................................
 saving solver data required for restart
 saving field and constitutive data required for restart

 ###########################################################################
 Time  2.66667E+02s: Increment 4/15-1/1 of load case 1/1
 Increment 4/15-1/1 @ Iteration 1≤0≤100

 deformation gradient aim       =
   0.9999941    0.0022219    0.0000123
   0.0000000    1.0000031   -0.0000055
   0.0000000    0.0000000    1.0000001

 ... evaluating constitutive response ......................................

 Piola--Kirchhoff stress       / MPa =
        0.0405        93.3845         0.0106
       93.3853         0.0354        -0.0049
        0.0106        -0.0049         0.0275

 ... doing gamma convolution ...............................................

 ... reporting .............................................................

 error divergence =         1.05 (4.88E+04 / m, tol =  4.67E+04)
 error stress BC  =         0.55 (5.12E+04 Pa,  tol =  9.34E+04)

 ===========================================================================
 Increment 4/15-1/1 @ Iteration 1≤1≤100

 deformation gradient aim       =
   0.9999940    0.0022207    0.0000121
   0.0000000    1.0000029   -0.0000054
   0.0000000    0.0000000    1.0000000

 ... evaluating constitutive response ......................................

 Piola--Kirchhoff stress       / MPa =
       -0.0001        93.3320        -0.0007
       93.3329         0.0002         0.0002
       -0.0007         0.0002        -0.0005

 ... doing gamma convolution ...............................................

 ... evaluating constitutive response ......................................

 Piola--Kirchhoff stress       / MPa =
        0.0017        93.3343        -0.0002
       93.3352         0.0017        -0.0000
       -0.0002        -0.0000         0.0007

 ... doing gamma convolution ...............................................

 ... reporting .............................................................

 error divergence =         0.37 (1.73E+04 / m, tol =  4.67E+04)
 error stress BC  =         0.02 (1.69E+03 Pa,  tol =  9.33E+04)

 ===========================================================================

 increment 4 converged

 ... saving results ........................................................
 saving solver data required for restart
 saving field and constitutive data required for restart

 ###########################################################################
 Time  3.33333E+02s: Increment 5/15-1/1 of load case 1/1
 Increment 5/15-1/1 @ Iteration 1≤0≤100

 deformation gradient aim       =
   0.9999921    0.0027756    0.0000151
   0.0000000    1.0000034   -0.0000068
   0.0000000    0.0000000    1.0000001

 ... evaluating constitutive response ......................................

 Piola--Kirchhoff stress       / MPa =
        0.0430       116.5811        -0.0085
      116.5823         0.0570         0.0040
       -0.0085         0.0040         0.0250

 ... doing gamma convolution ...............................................

 ... reporting .............................................................

 error divergence =         5.05 (2.94E+05 / m, tol =  5.83E+04)
 error stress BC  =         0.73 (8.55E+04 Pa,  tol =  1.17E+05)

 ===========================================================================
 Increment 5/15-1/1 @ Iteration 1≤1≤100

 deformation gradient aim       =
   0.9999920    0.0027776    0.0000153
   0.0000000    1.0000031   -0.0000069
   0.0000000    0.0000000    1.0000002

 ... evaluating constitutive response ......................................

 Piola--Kirchhoff stress       / MPa =
       -0.0005       116.6602        -0.0007
      116.6615         0.0010        -0.0005
       -0.0007        -0.0005         0.0002

 ... doing gamma convolution ...............................................

 ... evaluating constitutive response ......................................

 Piola--Kirchhoff stress       / MPa =
       -0.0069       116.6714         0.0004
      116.6727        -0.0069        -0.0012
        0.0004        -0.0011        -0.0034

 ... doing gamma convolution ...............................................

 ... reporting .............................................................

 error divergence =         0.92 (5.35E+04 / m, tol =  5.83E+04)
 error stress BC  =         0.06 (6.93E+03 Pa,  tol =  1.17E+05)

 ===========================================================================

 increment 5 converged

 ... saving results ........................................................
 saving solver data required for restart
 saving field and constitutive data required for restart

 ###########################################################################
 Time  4.00000E+02s: Increment 6/15-1/1 of load case 1/1
 Increment 6/15-1/1 @ Iteration 1≤0≤100

 deformation gradient aim       =
   0.9999901    0.0033345    0.0000185
   0.0000000    1.0000032   -0.0000082
   0.0000000    0.0000000    1.0000003

 ... evaluating constitutive response ......................................

 Piola--Kirchhoff stress       / MPa =
       -0.0358       138.8835        -0.0670
      138.8850         0.0962         0.0460
       -0.0672         0.0460         0.0564

 ... doing gamma convolution ...............................................

 ... reporting .............................................................

 error divergence =        59.34 (4.12E+06 / m, tol =  6.94E+04)
 error stress BC  =         8.04 (1.12E+06 Pa,  tol =  1.39E+05)

 ===========================================================================
 Increment 6/15-1/1 @ Iteration 1≤1≤100

 deformation gradient aim       =
   0.9999907    0.0033609    0.0000201
   0.0000000    1.0000024   -0.0000093
   0.0000000    0.0000000    1.0000000

 ... evaluating constitutive response ......................................

 Piola--Kirchhoff stress       / MPa =
       -0.0332       139.6217        -0.0355
      139.6232         0.0297         0.0081
       -0.0356         0.0081         0.0031

 ... doing gamma convolution ...............................................

 ... evaluating constitutive response ......................................

 Piola--Kirchhoff stress       / MPa =
       -0.0327       140.0620        -0.0172
      140.0635        -0.0109        -0.0147
       -0.0171        -0.0147        -0.0294

 ... doing gamma convolution ...............................................

 ... reporting .............................................................

 error divergence =        12.99 (9.10E+05 / m, tol =  7.00E+04)
 error stress BC  =         0.44 (6.20E+04 Pa,  tol =  1.40E+05)

 ===========================================================================
 Increment 6/15-1/1 @ Iteration 1≤2≤100

 deformation gradient aim       =
   0.9999913    0.0033684    0.0000213
   0.0000000    1.0000020   -0.0000092
   0.0000000    0.0000000    1.0000000

 ... evaluating constitutive response ......................................

 Piola--Kirchhoff stress       / MPa =
       -0.0084       139.9687        -0.0095
      139.9702         0.0067        -0.0021
       -0.0095        -0.0021         0.0005

 ... doing gamma convolution ...............................................

 ... evaluating constitutive response ......................................

 Piola--Kirchhoff stress       / MPa =
       -0.0050       140.0030        -0.0065
      140.0044         0.0048        -0.0029
       -0.0065        -0.0029         0.0012

 ... doing gamma convolution ...............................................

 ... reporting .............................................................

 error divergence =         3.41 (2.39E+05 / m, tol =  7.00E+04)
 error stress BC  =         0.05 (6.49E+03 Pa,  tol =  1.40E+05)

 ===========================================================================
 Increment 6/15-1/1 @ Iteration 1≤3≤100

 deformation gradient aim       =
   0.9999914    0.0033691    0.0000216
   0.0000000    1.0000019   -0.0000091
   0.0000000    0.0000000    1.0000000

 ... evaluating constitutive response ......................................

 Piola--Kirchhoff stress       / MPa =
       -0.0007       140.0032        -0.0011
      140.0047         0.0005        -0.0010
       -0.0011        -0.0010         0.0001

 ... doing gamma convolution ...............................................

 ... evaluating constitutive response ......................................

 Piola--Kirchhoff stress       / MPa =
        0.0016       139.9987         0.0004
      140.0001         0.0007         0.0002
        0.0004         0.0002         0.0019

 ... doing gamma convolution ...............................................

 ... reporting .............................................................

 error divergence =         0.78 (5.47E+04 / m, tol =  7.00E+04)
 error stress BC  =         0.01 (1.86E+03 Pa,  tol =  1.40E+05)

 ===========================================================================

 increment 6 converged

 ... saving results ........................................................
 saving solver data required for restart
 saving field and constitutive data required for restart

 ###########################################################################
 Time  4.66667E+02s: Increment 7/15-1/1 of load case 1/1
 Increment 7/15-1/1 @ Iteration 1≤0≤100

 deformation gradient aim       =
   0.9999909    0.0039605    0.0000280
   0.0000000    1.0000007   -0.0000113
   0.0000000    0.0000000    0.9999998

 ... evaluating constitutive response ......................................

 Piola--Kirchhoff stress       / MPa =
        0.0722       159.4919        -0.1712
      159.4934         0.0337         0.1210
       -0.1717         0.1211        -0.0237

 ... doing gamma convolution ...............................................

 ... reporting .............................................................

 error divergence =       115.33 (9.20E+06 / m, tol =  7.97E+04)
 error stress BC  =        24.09 (3.84E+06 Pa,  tol =  1.59E+05)

 ===========================================================================
 Increment 7/15-1/1 @ Iteration 1≤1≤100

 deformation gradient aim       =
   0.9999901    0.0040605    0.0000326
   0.0000000    1.0000005   -0.0000145
   0.0000000    0.0000000    1.0000001

 ... evaluating constitutive response ......................................

 Piola--Kirchhoff stress       / MPa =
        0.0401       162.0386        -0.1001
      162.0402         0.0302         0.0263
       -0.1002         0.0264        -0.0825

 ... doing gamma convolution ...............................................

 ... evaluating constitutive response ......................................

 Piola--Kirchhoff stress       / MPa =
        0.0257       163.6429        -0.0588
      163.6445         0.0269        -0.0361
       -0.0587        -0.0360        -0.1281

 ... doing gamma convolution ...............................................

 ... reporting .............................................................

 error divergence =        64.50 (5.28E+06 / m, tol =  8.18E+04)
 error stress BC  =         1.89 (3.10E+05 Pa,  tol =  1.64E+05)

 ===========================================================================
 Increment 7/15-1/1 @ Iteration 1≤2≤100

 deformation gradient aim       =
   0.9999891    0.0040862    0.0000364
   0.0000000    0.9999997   -0.0000144
   0.0000000    0.0000000    1.0000021

 ... evaluating constitutive response ......................................

 Piola--Kirchhoff stress       / MPa =
       -0.0233       162.8201        -0.0727
      162.8217         0.0493         0.0014
       -0.0727         0.0014        -0.0363

 ... doing gamma convolution ...............................................

 ... evaluating constitutive response ......................................

 Piola--Kirchhoff stress       / MPa =
       -0.0404       163.2910        -0.0599
      163.2925         0.0537        -0.0170
       -0.0599        -0.0170        -0.0352

 ... doing gamma convolution ...............................................

 ... reporting .............................................................

 error divergence =        21.20 (1.73E+06 / m, tol =  8.16E+04)
 error stress BC  =         0.37 (5.99E+04 Pa,  tol =  1.63E+05)

 ===========================================================================
 Increment 7/15-1/1 @ Iteration 1≤3≤100

 deformation gradient aim       =
   0.9999898    0.0041006    0.0000395
   0.0000000    0.9999984   -0.0000142
   0.0000000    0.0000000    1.0000028

 ... evaluating constitutive response ......................................

 Piola--Kirchhoff stress       / MPa =
       -0.0083       163.3332        -0.0138
      163.3348         0.0149        -0.0177
       -0.0138        -0.0177        -0.0099

 ... doing gamma convolution ...............................................

 ... evaluating constitutive response ......................................

 Piola--Kirchhoff stress       / MPa =
       -0.0013       163.3219         0.0060
      163.3234         0.0011        -0.0165
        0.0060        -0.0165         0.0099

 ... doing gamma convolution ...............................................

 ... reporting .............................................................

 error divergence =         6.79 (5.54E+05 / m, tol =  8.17E+04)
 error stress BC  =         0.10 (1.65E+04 Pa,  tol =  1.63E+05)

 ===========================================================================
 Increment 7/15-1/1 @ Iteration 1≤4≤100

 deformation gradient aim       =
   0.9999900    0.0041009    0.0000396
   0.0000000    0.9999982   -0.0000134
   0.0000000    0.0000000    1.0000028

 ... evaluating constitutive response ......................................

 Piola--Kirchhoff stress       / MPa =
       -0.0009       163.3312        -0.0037
      163.3327         0.0048        -0.0016
       -0.0037        -0.0016        -0.0026

 ... doing gamma convolution ...............................................

 ... evaluating constitutive response ......................................

 Piola--Kirchhoff stress       / MPa =
        0.0034       163.3333        -0.0003
      163.3348         0.0007         0.0031
       -0.0003         0.0031        -0.0021

 ... doing gamma convolution ...............................................

 ... reporting .............................................................

 error divergence =         1.89 (1.54E+05 / m, tol =  8.17E+04)
 error stress BC  =         0.02 (3.35E+03 Pa,  tol =  1.63E+05)

 ===========================================================================
 Increment 7/15-1/1 @ Iteration 1≤5≤100

 deformation gradient aim       =
   0.9999899    0.0041010    0.0000397
   0.0000000    0.9999982   -0.0000134
   0.0000000    0.0000000    1.0000029

 ... evaluating constitutive response ......................................

 Piola--Kirchhoff stress       / MPa =
       -0.0005       163.3322        -0.0005
      163.3337        -0.0000         0.0005
       -0.0005         0.0005         0.0002

 ... doing gamma convolution ...............................................

 ... evaluating constitutive response ......................................

 Piola--Kirchhoff stress       / MPa =
       -0.0013       163.3334        -0.0011
      163.3349        -0.0002         0.0010
       -0.0011         0.0010        -0.0001

 ... doing gamma convolution ...............................................

 ... reporting .............................................................

 error divergence =         0.51 (4.19E+04 / m, tol =  8.17E+04)
 error stress BC  =         0.01 (1.35E+03 Pa,  tol =  1.63E+05)

 ===========================================================================

 increment 7 converged

 ... saving results ........................................................
 saving solver data required for restart
 saving field and constitutive data required for restart

